1.7677923618397706E-5
0.0
0.0
2.220446049250313E-16
3.341185106364719E-10
2.468712737568879E-6
1.2609246979877753E-11
8.023548492275268E-11
8.884892821470203E-12
0.40208687773882223
0.0
4.359604455217436E-9
1.6292522886374172E-12
8.764924360749049E-7
0.0
0.0
1.8318679906315083E-13
2.7755575615628914E-15
2.786659791809143E-14
1.7067035895657057E-7
1.9206858326015208E-13
5.37419730939348E-8
1.0322372201443386E-7
3.9415026797939845E-11
1.9599877276732514E-12
0.04578980306826441
9.213262930352073E-9
9.902525799354578E-9
0.0
3.3639757646142243E-13
3.729017095110976E-12
4.612958634364617E-5
1.4876988529977098E-14
1.2884138200774942E-12
3.774758283725532E-15
1.0658141036401503E-14
2.475797344914099E-14
3.073530319142037E-11
1.3587110037072136E-7
5.551115123125783E-16
3.849671847078184E-6
4.0388164368465596E-8
0.007562774331898003
1.6988921380800548E-10
7.475070229467917E-9
3.120836922221315E-13
1.9221993394654282
1.2908131341582418E-8
5.051026263913627E-11
3.705513347582734E-4
0.0
1.946568950472738E-8
4.70394377460881E-6
0.09011431918339141
3.4416913763379853E-15
0.038085940143136376
1.994162277386214
1.6653345369377348E-15
1.6988921380800548E-10
1.9636151639329702
1.1102230246251565E-16
3.3221159156937574E-10
1.7064012428624764E-6
1.319413382327994E-6
4.3549711892243437E-7
2.623673500679047E-10
0.0
2.3776536295372352E-12
0.005363353661079873
3.290701044988964E-13
3.904987444514063E-12
1.0475473821713877E-9
4.1729012264069E-5
0.0
1.8103226005819364
4.761746552617296E-13
4.947111609254762E-10
8.250829601541554E-6
0.0
4.297673328323981E-13
2.575159530060489E-9
6.709640058000232E-7
2.4676304687276662E-5
1.1102230246251565E-15
1.1102230246251565E-16
0.0
1.304512053934559E-13
4.796163466380676E-14
9.427171265841139E-10
1.2336785287486298
7.53155315891263E-11
0.0
3.444688978504473E-12
3.672617765460018E-13
7.508216270935009E-11
0.0
1.2212453270876722E-15
2.713914648566629E-10
6.119946027727252E-8
4.09210340279742E-7
2.8661775872684814E-5
1.1102230246251565E-15
4.141093797094264E-6
0.0
3.804365997528425E-5
5.1958437552457326E-14
0.0
1.769066752865811E-6
5.879963183019754E-12
2.220446049250313E-16
8.287814878826794E-12
0.05282559186832092
1.0633874796439624E-4
2.8361622828043664E-8
1.0550644784168561E-5
0.002342859917520923
8.093525849517391E-14
0.0
1.0205610800895215E-9
5.79751802121109E-11
3.5448310953256623E-12
1.7649560701826772E-9
1.7243305605962878E-4
1.1507991892508065
0.07910563963873485
6.786744812692369E-6
7.99614166099305E-5
6.672727814738266E-9
3.3306690738754696E-16
9.607351580953605E-10
0.014554418639191047
3.126610081949366E-12
6.024103438306838E-11
2.220446049250313E-16
2.1371793224034263E-13
1.3733458814613186E-13
1.9993236280053188
0.0
0.0
0.21522063173559347
1.1102230246251565E-16
3.1706415271059996E-11
7.16027146585585E-6
5.551115123125783E-16
0.0
0.0
8.249529551696E-7
3.4008351690317795E-12
0.0
2.220446049250313E-16
3.2372541314273917E-9
0.005650356823068581
1.0078604617547171E-12
0.0
2.9101329124259223E-9
8.240630400280224E-11
1.1315393066979595E-12
1.4163720166852691
1.87497239956258E-10
0.0
0.0017767894661215866
3.927968839079199E-9
2.220446049250313E-16
1.4305291874405768E-6
0.0014456377223611705
0.0
0.0
0.2122662734318611
1.2570825326791422
1.3988810110276972E-14
7.250698015770496E-5
0.392751009512574
2.9976021664879227E-15
1.9999004960138365
7.585013250821504E-8
2.220446049250313E-16
3.4161562467716067E-13
0.7173827779075688
2.696268944871738E-4
1.4588443402185902E-6
0.0
0.9735853799235885
1.2386667320729572E-6
0.0
0.0
3.2190047405400435E-8
3.195999020988438E-12
3.011493430848944E-6
1.9999948852876561
1.1263093790958578E-9
0.001596700082459268
2.220446049250313E-16
0.0
9.39143207645543E-11
1.1767136154361424E-9
2.919886554764162E-14
0.0
1.9999983324523645
1.5603607014517988
0.0146944853533848
1.9999899589324408
1.2617684674864904E-11
1.9999309503084888
1.2774670210546901E-11
4.496303329659668E-11
2.8341207158888437E-10
1.9999998888968205
0.8570150981354975
1.6431300764452317E-14
0.0
0.13765021104936137
3.4863223419279166E-11
0.2523057924216473
3.563472217305019E-8
0.017134081534610157
1.9998688569087466
3.365863143756087E-12
2.2754262618551735E-7
3.3306690738754696E-16
1.92195858560485
0.0
5.153655280309977E-13
2.2537527399890678E-14
1.9999870475789203
0.0
1.2384847868721123
8.044676036433884E-13
7.446008866368592E-4
0.0
0.0
0.15415364139342058
0.0
0.0
1.1102230246251565E-16
0.0
0.0
4.511313134170081E-8
1.9999729501290955
0.0
0.45854281949716724
1.9999853053075471
2.4325743619435514E-7
0.0
4.405364961712621E-13
0.0011521502619281643
0.0
0.0
8.268931894761522E-8
1.630270236023237
0.0
0.0
0.002901549040879914
1.999999970292544
4.555846640608152E-6
1.1102230246251565E-16
0.021925905178112548
1.1472859884342768E-8
0.0
0.0
1.1102230246251565E-15
0.6340694936064137
4.6629367034256575E-15
0.0
6.746347924746487E-10
0.0
0.1591529411962478
0.0
0.0
3.573055689098936E-7
6.945888308962367E-12
1.5817766057413252E-5
5.430766947256416E-12
0.024679383771418317
0.0
4.671356790275638E-8
3.9473047053206756E-10
3.684157252070719E-5
0.0
4.834221155713969E-5
0.0
1.9995745020420752
1.752153977463422E-12
0.117179444409655
7.856126860161794E-10
0.9528373305891709
0.001841597086092439
1.3686160761361421E-6
1.9999908092350405
3.0844428596799034E-5
8.203363544012632E-9
7.874196725321525E-6
2.220446049250313E-16
1.567634910770721E-12
0.0
1.9999996438035215
1.446876240461803E-4
1.7048251699236516E-11
2.1546867162824945E-4
4.587076717355032E-7
0.0038815482453837813
2.6645352591003757E-15
1.9208431709288176
0.9203777952058692
1.9999946938274336
1.9999997759681953
1.9999999988815687
3.885780586188048E-12
1.9176895461336878
1.2465905419034584E-8
2.0294876890147862E-13
1.610610886981778E-5
5.153655280309977E-13
4.0776431028399784E-5
0.4593692444425084
1.973765034038375
0.004010756400705029
0.050191353991611565
3.349686084064274E-10
1.606989751212215
9.00357837840815E-7
1.442616026636756E-10
1.8125519100281222
1.9984014443252818E-15
3.1086244689504383E-15
1.6301939576024438E-8
1.4511725154875421E-12
9.059398577149214E-5
3.154834493646064E-8
0.41643165057453846
3.4494629375103614E-13
6.310865620084982E-7
6.617961734178834E-11
1.8706147741909263E-12
0.0
2.095323914375058E-11
0.2975763372121837
4.389821839367869E-13
5.153655280309977E-13
0.0
9.873821446015896E-7
0.0
7.179213890040614E-10
0.010074402202499222
3.3951730316061912E-12
1.4386846158842559E-9
0.0
1.01647282284887
0.0
0.0011550553655185203
0.0
0.0
5.42064422237587E-8
4.898032155069565E-4
0.0
0.0
0.0
0.006096272548841264
7.00380669460543E-6
7.035835895896625E-6
0.0029323724107392923
3.2660751792645826E-4
1.9999895776751093
6.709913724534111E-6
0.0
2.0
4.19228536864269E-5
0.0
7.860712081253496E-12
2.576232991380323E-7
1.9999971273058823
1.2876816279927539E-9
4.163336342344337E-13
1.1275112221653671E-7
2.355022843403276E-10
1.9997469566286878
1.6103395283906252E-8
1.2051357135464178
5.153655280309977E-13
1.1275112221653671E-7
0.6890636439316895
2.072673324259311E-4
9.496227106886579E-7
5.487756981115144E-5
1.9999999156300836
1.2111412938481205
0.0
0.5962633368009095
1.9999999981493453
2.084555549730638E-6
1.3352265293420373E-8
9.58423274077802E-9
0.0
6.131872787307202E-12
0.0
0.0187009693390906
4.9750426001082815E-11
1.8479475727417594E-9
0.1652579076185765
1.9999999999999878
0.0
0.0
1.9449962531624159
5.60218538225854E-13
5.818585595562809E-7
1.9998272137245459
0.855630106670307
1.970317643809524
0.0
0.0
1.9998109801491992
0.0
4.152298720749847E-6
4.896723959646465E-7
0.0
4.529709940470639E-14
0.0
1.9999901833507914
0.002371140261449467
1.3433698597964394E-14
1.999999999999532
1.1635503989915197E-4
1.455026099606016E-10
1.995643499594883
1.9993120388560528
1.4772194283074747E-4
1.3322676295501878E-15
1.0293178652087676E-4
1.7501301756706056E-6
1.1102230246251565E-16
7.332467966136846E-12
6.294964549624638E-14
0.0
0.0
1.803397845501209E-7
7.771561172376096E-16
2.3425705819590803E-14
1.2212453270876722E-15
3.3306690738754696E-16
0.0
0.0
4.2867057681306164E-9
0.002305842371460032
2.4471810203818833E-6
1.9999999997796842
4.671356790275638E-8
1.803397845501209E-7
2.1649348980190553E-14
4.829470157119431E-13
5.392353230604385E-13
4.011444513229989E-7
4.2117187515344767E-10
9.867662242868391E-13
0.0
2.438049762076844E-13
1.9477233770222648
9.20528997472303E-9
1.881978977652007
2.2694979229243017E-10
0.0
8.599897844647764E-4
0.0077439433787415135
2.55351295663786E-15
3.3306690738754696E-16
0.0
1.9872992140790302E-14
1.5842458405135318E-6
3.0448047997344574E-6
0.016061054114811624
1.951416905826564E-4
4.873879078104437E-14
1.9994354411894286
4.379139959265199E-5
1.7073279637623293
4.0178971261184415E-13
3.5416114485542494E-14
0.0017995284220987395
0.0
0.27396371983109247
0.00532906659801291
1.9999999992865747
6.947035280369107E-9
0.3643666047122922
0.0
0.0
1.145328276663804E-11
1.0325074129013956E-14
0.0
3.1890612373075555E-10
7.66053886991358E-13
1.4027667916138853E-12
7.674762765308429E-7
0.0
0.0
0.008088190698606668
1.9999987932187882
0.0
8.069278578659578E-11
1.975628291800529
2.2237042741712898E-4
0.0014116480148680388
1.8425636452413352
2.4257262865035045E-12
4.3196834942649254E-4
0.0
0.0
1.9973019597003336
0.0
1.999654768121231
1.5003111099587407E-5
0.0
0.004525180545755347
1.2822296557857271E-9
8.406486617928977E-11
8.110734073252246E-8
0.0
4.292555252694008E-6
1.4040924442015879E-6
1.854788296360903
1.9999999719435126
0.5962633368009095
7.902900556189252E-11
0.0073711064379137214
0.0
2.275957200481571E-14
0.0
1.9986855361344589
3.90984628906299E-6
2.275957200481571E-14
1.7370147542550285E-9
6.337550386281698E-5
0.0
4.20899981534717E-11
2.074158178544394E-9
2.3314683517128287E-14
3.7407843256342943E-7
7.517529579836868E-6
3.3306690738754696E-16
1.5389235186180628E-7
2.3195889653493396E-12
2.3964308315527205E-10
1.987807363157401E-9
2.1757023960233823E-9
1.4386846158842559E-9
1.2893275557833355
3.674838211509268E-14
1.2612133559741778E-13
0.001753208668618722
2.4116042496302725E-11
0.0013029980051101342
9.21657250518848E-9
1.7788922069072237
1.9022633374832232E-5
0.011859394869283224
9.619215701750505E-8
0.0
9.563398650718202E-4
1.9999999863379943
1.8464483608759963E-6
0.4887408704133749
1.0599783495379711E-8
3.696457772539574E-6
1.6574491696506253
0.0
2.0
1.2994946151063531
0.0
0.007137568679409179
0.0
1.9999999667622395
6.150635556423367E-14
1.999982103373354
1.9999998529641345
2.3136030065673552E-4
1.9999999991974289
1.9744515340293827
2.3528309300857586E-9
5.757183618726458E-11
0.042950904748426555
0.0012406382766174673
1.1534530575119106E-7
4.612958634364617E-5
0.6390262471131163
2.063194060042406E-11
0.001307092547285893
0.06055529632206613
3.3951730316061912E-12
1.9982198257617143
1.4185319585635625E-12
0.0
4.671356790275638E-8
0.0
3.61666252501891E-12
0.0
1.1597811227326282E-4
1.8630128074259567E-4
0.0
6.039784627986933E-8
5.245169345635681E-5
1.2057131500927614
7.762955183121534E-7
0.1310440817227898
0.0
1.1516476661199704E-10
1.0769489142107953
0.0327156622624849
5.566023999348246E-5
7.771561172376096E-16
0.0
2.3629245227141382E-9
0.0027415270367354694
1.3322676295501878E-15
4.725966969210127E-6
3.7780889527994077E-13
1.99999715882697
0.0
0.0
1.9377266458064923E-10
1.2051357135464178
1.4178688510391169E-5
1.999998895611192
1.554496764644142E-8
7.959630732301548E-10
3.819142410217413E-4
2.0
1.9999931406929017
1.9999998742862428
2.220446049250313E-16
4.20899981534717E-11
7.517529579836868E-6
1.9967140055309618
0.0
1.6680928698709074E-4
0.021312882071840122
7.128013949597722E-5
0.014419315899993013
0.0
1.1763701124323234E-11
1.5321865102213441
4.671356790275638E-8
6.995800042706168E-4
0.01709500645549522
1.0312552438773714E-5
4.765426941943929E-10
0.1677420871325368
3.2702116212313115E-4
1.316132637143486
1.9999999864998736
1.0293178652087676E-4
1.9997810241255534
0.0026373380517350498
1.5365486660812167E-13
2.2716395431388037E-10
4.358435834461716E-11
3.515230785211543E-5
1.2236315960478805E-8
1.9981308546236862
4.440892098500626E-16
1.905031687954306E-12
1.632550605772387E-4
3.712538286793077E-7
0.0
5.213927004588115E-7
2.220446049250313E-16
5.551115123125783E-16
0.005955789115580479
7.716050021144838E-14
0.0
2.2382096176443156E-13
2.4071441550033157E-6
1.803883812715819
7.498446308318307E-13
0.0
1.9998783609350905
0.011859394869283224
0.0
4.99933427988708E-13
0.2975763372121837
5.46229728115577E-14
0.0
0.0
1.1589844521653347E-4
1.9936662322063843
0.0018345118154828866
4.3369481339539107E-8
0.0
0.1946494956060103
4.0089795085518354E-5
2.220446049250313E-16
2.1160850849355484E-13
3.3306690738754696E-16
1.1102230246251565E-16
1.0434128228098416E-8
4.686340204784756E-11
1.6471268793338822E-12
8.659739592076221E-15
1.9999920104698856
1.9999618761626126
2.3923307779227798E-11
0.0
3.337749786028743E-4
1.047300269185758E-5
3.566462767334855E-7
2.195910120406097E-12
4.358435834461716E-11
2.1627832857973317E-10
6.106226635438361E-15
0.7577905773949775
3.12194714524594E-13
1.9871068849042204
1.1201817251560442E-11
0.0073711064379137214
1.367620121295321E-5
1.749678180118508E-11
1.0247358517290195E-13
1.0312552438773714E-5
4.0998537897962706E-11
0.0
1.814281344048041E-7
1.234568003383174E-13
6.8833827526759706E-15
1.9891239932424092
0.0
0.006122941635360091
0.1269951955944152
0.0
0.0
2.571128805417544E-7
3.193213864527422E-5
2.8181456435127927E-7
0.0
3.6559511820133395E-6
0.021605085221821363
0.0
3.1394545296770104E-8
1.50407784218487E-5
3.5553782140596013E-12
0.0
1.0241807402167069E-10
0.0
5.870501840199438E-8
1.0809799861788427E-5
0.0
1.2505131289808347E-5
1.0469403122215226E-13
4.335174996761282E-9
1.5704727518439654E-9
1.8147686892015167
1.9999999861993163
0.0
0.0
0.009710582690147906
0.5484209278429031
0.22308790054248484
7.71567724155986E-8
7.670944400572921E-6
6.977773066019211E-7
1.2814194150223557E-12
0.0
0.0010339762405154884
2.3592239273284576E-13
1.7024236627878162
1.7488331413672933
3.7231552285632574E-9
3.4291235522232455E-6
1.2403089944128904
3.424014527464436E-8
0.0032859944690381004
0.0
9.774488970437645E-7
0.0
0.0
3.5835223866076404E-7
3.989173594010076E-6
2.1910362413279927E-11
2.7029368743214377E-9
1.0725864640903637E-12
0.2948754969859855
1.4267476089457887E-12
1.439966701433093E-9
4.598000802324975E-8
4.0586058269731495E-7
1.8850039182152771
0.0
3.998742842181713E-6
0.00968990125000313
1.4001627746118572E-7
1.6704970740022418E-11
2.0755466442345938E-4
3.3264920402675813E-6
0.0
0.0
0.0
1.9606538614880265E-13
1.9546419357132614
3.3306690738754696E-16
1.5543122344752192E-15
2.7278179715040096E-13
1.9376848646358802
3.6248099821722946E-7
1.0379304844487791E-6
0.0187009693390906
5.334247488164578E-10
1.9999999999537095
1.0236010927755501E-8
1.9222798353091264E-8
4.464018044103568E-9
3.066547016317145E-12
1.5579759704564822E-12
1.9977305628760824
1.7522307335036387
1.986980075413594
2.220446049250313E-15
8.59462071511885E-8
4.2898163645133103E-4
1.99999996718237
1.1102230246251565E-16
2.220446049250313E-16
2.140294275143617E-9
3.39035407896926E-5
5.637800632973811E-4
0.0
3.9453351696749905E-10
3.1780968967609624E-9
7.35547583619045E-7
0.0
0.5484209278429031
2.2373676861198177E-6
7.984921382209187E-6
0.0
0.7358906455306664
0.0
1.3534476316756638E-4
1.999999999999998
1.9999997473859272
1.554496764644142E-8
5.007105841059456E-14
1.602051824534101E-13
1.1102230246251565E-16
4.854208106551683E-4
2.5101143386052627E-11
2.571128805417544E-7
8.883981761353965E-8
8.595470363248481E-7
1.2612133559741778E-13
1.9919745630758712E-8
2.2314535879730535E-4
1.0908462377834383E-7
4.773959005888173E-15
0.0
0.0
1.5704727518439654E-9
1.50407784218487E-5
1.9999278106882485
2.8055335832277706E-13
1.9999944299158405
3.071735474591275E-5
3.0972221010117096E-8
1.0513091332364777E-4
1.6103395283906252E-8
6.616929226765933E-14
0.0
2.845199811973842E-6
4.04121180963557E-14
9.315825936218047E-6
0.09281645959806606
1.454392162258955E-14
1.6023121718333755E-9
2.188837999739235E-11
2.2930957133127094E-10
6.112754746823157E-10
1.6542323066914832E-14
9.404255152389851E-12
0.0
7.269403301535249E-9
8.930368000648059E-9
6.86128931448593E-12
0.0
0.0
2.380496570308921E-6
1.9999914558853074
0.05345925842220478
8.002490892167202E-10
0.0
0.0
1.3352265293420373E-8
1.9999901833507914
3.3888458705888524E-10
4.3132247684596337E-7
3.28363686685762E-7
0.002623795069059298
8.212781010819015E-9
2.19824158875781E-14
1.4033219031261979E-13
1.874884208996619E-7
0.22308790054248484
1.6103395283906252E-8
2.0973635861398776E-7
1.4964368612035983E-6
3.34171579297049E-11
1.9999997473859272
3.265282049558227E-5
2.207993954339571E-7
0.0
3.573055689098936E-7
2.220446049250313E-16
0.5097004841382815
3.885780586188048E-15
1.1290968160437842E-13
9.665601652386613E-13
2.4272805987379797E-12
1.1095981049979997E-5
2.188837999739235E-11
5.430147760221438E-6
7.923618033511826E-5
0.1410012284394172
8.356648706353553E-13
2.0956754892553775E-6
2.201461235529223E-12
4.0632407020368966E-4
8.013927317307434E-7
0.0187009693390906
1.2838244911606012E-9
1.9999999997372941
0.21234134787274006
2.0978799932702685E-4
1.8165735582442721E-10
1.998598209443851
5.66645619315409E-10
0.11558603700376269
2.0805579481475434E-13
5.482579945592647E-8
0.0
2.864375403532904E-14
0.0
2.2316370973385347E-11
0.0065511556344092226
1.9980609353914538
1.3879610794020891E-9
1.5431284445810434E-6
2.864522301582184E-6
1.1887755446693404E-8
1.6378191316909532
4.518607710224387E-14
2.2496893237189397E-11
1.0514863962675738
6.112754746823157E-10
3.8413716652030416E-14
0.00120014820103731
4.214892737177678E-4
2.226120698889389E-8
1.4801011769516315E-4
1.8407497748285095E-13
1.2878587085651816E-14
1.630292839949199E-6
4.246121354523069E-8
6.57301546524991E-10
0.0
2.2870594307278225E-14
1.9839026688518961
1.9590413512853515
1.9975922311734944
0.0
1.0648520609723988E-7
3.8191672047105385E-14
7.347455976969286E-12
7.487260311593857E-4
0.01425058925198408
2.1314723874787944E-8
2.468860116344729E-9
3.215542165868612E-8
6.215317149838029E-11
0.003195033170733441
5.713943359095808E-4
5.9653740003273725E-6
0.0
1.963860229992065E-8
2.763640606326945E-4
0.033980668029597205
1.1102230246251565E-16
0.1591529411962478
9.72111280361787E-13
1.4120871139056135E-10
0.8795693979193877
4.1530778815968006E-11
3.5379990528383587E-6
3.12194714524594E-13
0.11558603700376269
4.0611958240788226E-13
2.002175612492163E-5
8.253397965063414E-12
1.1914049909267366E-4
0.021669258666875968
0.0
1.1102230246251565E-16
2.261106823997494E-8
1.9999999999956484
0.0
5.4247051295419624E-11
9.484862046771347E-6
1.999999993883962
1.6431300764452317E-14
7.887671160666798E-8
6.845302102931328E-12
3.785483038143411E-11
7.383228139978826E-9
3.12194714524594E-13
0.0
0.1932617352629502
1.9439109053391772
9.85878045867139E-14
1.6471268793338822E-12
2.578270930087001E-12
1.7763568394002505E-15
1.7358109725658237
2.3991697517544708E-11
7.108955931700578E-7
1.9761969838327786E-14
0.02206401043327577
4.873879078104437E-14
2.781108676686017E-13
5.9130602636514595E-9
0.0
1.3666526577194027E-5
3.239156526246845E-5
0.042954025960393105
0.0
5.7252068974555925E-8
2.1455008880622017E-7
2.4229303649836442E-4
5.153655280309977E-13
1.308939621136318E-7
0.021669258666875968
0.002189696643614125
0.0
1.9981814100114148
5.60218538225854E-13
1.490483847454982E-9
0.008991305095852664
0.06234036098976781
0.003089669804706374
1.9984014443252818E-15
8.881784197001252E-16
5.895132160205208E-10
2.297273482554374E-12
1.1102230246251565E-16
2.220446049250313E-16
7.762955183121534E-7
0.0
1.9999987082454813
0.0
1.9978344828988897
0.006122941635360091
0.19569202923332663
0.44680647875338486
2.4071441550033157E-6
1.9891239932424092
5.551115123125783E-16
1.3666526577194027E-5
0.0
9.511280651963716E-13
0.0
1.3276323482293464
3.774758283725532E-15
0.30465821049827424
0.02368818199180167
5.313939337447948E-7
1.9999798483352513
1.3121085185030523E-7
1.9957375560358421
2.220446049250313E-16
1.9439109053391772
2.107548968677264E-8
0.0013692944015133435
2.045618301416141E-7
0.021669258666875968
1.3406108591795807E-4
0.0
1.9977305628760824
0.0
0.0
1.4838859361931966E-4
2.2463952920048769E-10
3.363590237259739E-5
6.34352471662325E-8
1.989999921523435
3.0972221010117096E-8
6.898367992946852E-6
4.5970116602234157E-11
0.0
0.0
6.328271240363392E-15
4.337383674446471E-9
8.464362100113476E-9
1.9999999999998952
1.6853328178800808E-5
1.1102230246251565E-16
1.4763229395586157
6.850076061937216E-14
1.6680928698709074E-4
1.3957501820982543E-11
4.0523140398818214E-13
2.726729952939877E-11
0.1225700065391353
2.037844892832652E-9
1.9996253724353337
0.696390643668922
1.2956573192113296E-7
1.8608361569320508
2.756039618745376E-9
1.1102230246251565E-16
4.971969781679686E-4
1.9984087553673096
3.2702116212313115E-4
5.4644409545945294E-5
0.010335116216745877
0.0
0.04364947014969123
0.061888213832933636
7.549152075680965E-7
1.9996901230752921
4.382862406338006E-8
1.367620121295321E-5
5.729791530129091E-9
0.0
0.0
7.75057384938549E-9
7.993605777301127E-15
4.835939426683922E-10
2.6853120989156487E-5
1.630917623174355E-13
9.879806945889413E-7
7.172040739078511E-14
2.692482030269838E-4
1.490483847454982E-9
1.971844796329218
6.112754746823157E-10
5.218048215738236E-15
0.05077415155192755
0.4082644181975118
3.3306690738754696E-16
0.0
4.1530778815968006E-11
0.0
1.0981435445456267E-4
1.9999264917951634
3.915756607852927E-13
1.9665809406074939
1.9390730566606629
2.649206409799376E-10
5.0894843894866426E-11
0.9520514999834649
1.7985612998927536E-14
7.904787935331115E-14
0.0
2.5062496327166173E-6
1.1102230246251565E-16
0.0020610571414393375
0.048498641279740795
2.0433229026295407E-4
3.62284285460035E-7
1.562962537171586E-8
2.3030837589910202E-4
3.658484559743158E-8
2.7233726385134105E-10
0.0
0.0
1.9913072829569867
1.047300269185758E-5
0.0
2.3433582663212604E-7
2.950972799453666E-13
2.220446049250313E-16
1.049382802875698E-12
1.3389778175110223E-10
7.494005416219807E-12
9.527449292539014E-4
0.0
1.9079737789695628E-11
0.46713863910104314
4.6629367034256575E-15
9.38941285731909E-5
5.551115123125783E-16
2.3592239273284576E-13
2.3133772675265618E-10
5.675793168791188E-12
3.376019546086351E-5
0.21832831133222064
2.691388167885833E-8
1.145328276663804E-11
0.0
1.28743638000417E-5
2.6834090505190034E-12
1.2040368702059823E-12
1.4680837739811103E-5
7.903802198283572E-7
0.2975763372121837
0.0011139312619047326
0.0829442149938987
0.0
2.6978419498391304E-14
3.6374969569763493E-6
9.88484266661871E-8
1.1879386363489175E-14
1.4538582035296161
1.840327890079152E-11
0.0
4.39648317751562E-14
3.4866420861590086E-10
7.925716860590626E-9
0.0
1.999833190713013
3.849671847078184E-6
0.0
3.218671582994048E-5
1.750495879813272
3.2461321153309797E-7
1.9982004715779014
0.9890070679014962
4.971969781679686E-4
1.689097761659042E-8
0.0
0.006757830167033241
0.0
1.9999993740209168
3.1308289294429414E-14
8.100187187665142E-13
6.1476753868694445E-6
3.3306690738754696E-16
2.4675594900713804E-11
9.499980802019081E-10
6.250612250013887E-9
6.864854129595699E-9
0.0187009693390906
1.0913492332065289E-13
0.0
1.2974216256900206E-8
0.019264426404761004
0.0
0.0
0.001305372598827459
2.1576911146681255E-8
1.8618440122963875E-13
0.0
1.9999824770380739
2.7278179715040096E-13
0.0
1.5286880594711505E-7
0.2523057924216473
1.8890876183123209
0.0
1.4329793462941609E-8
2.3883169886218525E-9
5.402165698045192E-4
0.0
1.047300269185758E-5
8.473122981023096E-9
4.440892098500626E-16
0.9926645106437586
3.785483038143411E-11
8.601983714218164E-8
2.34894733938118E-5
1.7645144403367747
3.7231552285632574E-9
4.924638286396554E-5
3.920426538961408E-8
2.2976354152604017E-10
0.0011550553655185203
2.1604940059205546E-13
1.5739964887018232E-11
7.175926519664699E-11
7.814859870336477E-13
1.6704970740022418E-11
0.002380623418390404
4.580545731602825E-8
0.0020610571414393375
1.9837822868731925
0.0018345118154828866
1.99143147117109E-6
7.74774528200517E-6
3.885780586188048E-15
0.0
2.6662037022617824E-9
1.4544130000205533
1.999999943048116
0.10083914897696833
8.479526025140238E-5
1.979835277486076
9.559020242022598E-14
1.982606266986906
4.331871091400874E-5
0.2948754969859855
5.7458704461055277E-11
2.220446049250313E-16
4.873879078104437E-14
0.0
1.6653345369377348E-15
0.002901549040879914
1.999999999999998
2.220446049250313E-16
1.1275112221653671E-7
1.7509403576994393
0.07833333520255403
1.1275112221653671E-7
1.046841502372331E-10
4.152298720749847E-6
1.9770464193676411
2.013134730582955E-6
1.3204961790691527E-8
0.050191353991611565
0.0
8.756987024405305E-9
4.440892098500626E-16
5.60218538225854E-13
1.9614541204915348E-5
7.75057384938549E-9
5.227398654383819E-6
0.0
0.0
1.0908462377834383E-7
1.1982353656554334
1.9999995725053228
1.986980075413594
4.065192626967473E-12
0.0
9.15628575381966E-5
1.3322676295501878E-15
0.0
1.3185864031095562E-5
1.9997924453355767
0.002901549040879914
6.015266218462045E-8
0.14581784066004477
9.992007221626409E-16
5.745131925749547E-9
1.9986855361344589
2.1630881086309728E-7
1.5543122344752192E-15
5.0182080713057076E-14
9.121444566329018E-8
3.630429290524262E-14
0.0
0.0
5.364597654988756E-13
2.843389459439294E-7
1.411759598113349E-12
0.0
3.885780586188048E-15
0.0
1.4823389939978249
0.7489227408638532
2.841173029954902E-6
5.089637081789888E-7
1.5775451194352463
1.194670485760163E-6
1.7420509479393331E-12
5.660539548202337E-8
2.34894733938118E-5
1.8558517904965073
2.9059310513446235E-11
7.925716860590626E-9
1.967952479975388E-6
2.669236863761526E-7
4.598000802324975E-8
1.9806378759312793E-13
1.047300269185758E-5
0.5484209278429031
1.9999999998903981
7.41251504621232E-11
2.424727085781342E-13
0.004064230095532806
2.5732962427582606E-9
0.0015781429476234843
0.0
0.0
1.36546329798648E-12
0.002534464953129034
1.0436096431476471E-13
2.0599587857716983E-7
0.004118506044751391
1.9390730566606629
1.9986946274011725
1.999828203696525
4.1255887595070817E-13
6.791544342688027E-6
0.004392275917132316
2.34894733938118E-5
1.9977305628760824
1.9977305628760824
1.754307810131195E-11
0.9007281845049506
4.5083616462271436E-7
6.128832371465887E-4
3.127498260369066E-13
6.5984856467693476E-9
4.04121180963557E-14
1.031952301389083E-12
1.9986805648659527
0.0
3.3306690738754696E-16
0.0
1.564683699273317E-7
6.464021603980186E-6
4.383590841428031E-7
4.578015744272079E-10
1.1445755454531081E-10
0.1463559832070308
0.0
0.003195033170733441
1.4576466969034234
4.70098443505762E-8
6.3843290654119755E-9
0.0
1.6342838193850184E-10
1.4088730182493236E-13
5.551115123125783E-16
7.443171029519746E-7
0.696390643668922
5.701040313721428E-6
1.1922019083066004E-7
0.0018345118154828866
1.0522693827397234E-12
0.14949607953614907
2.1455008880622017E-7
1.2956573192113296E-7
5.6692238792344085E-8
0.06746117459437484
8.212781010819015E-9
4.612958634364617E-5
0.0
0.8224609684914747
8.053938627128332E-10
1.1102230246251565E-16
0.2788160391625383
0.0187009693390906
1.9999846773065406
0.0
1.047300269185758E-5
4.971969781679686E-4
1.9961134514907202
9.403589018575076E-13
3.304023721284466E-13
3.2401858973685194E-12
0.04974582229919222
9.145024493228959E-8
3.696457772539574E-6
5.313939337447948E-7
0.0
1.1102230246251565E-16
1.9565046489367077E-5
6.604016444811123E-9
3.9817038555156614E-12
9.996233659839149E-4
0.0010413977947888453
1.5495782632635038
9.403589018575076E-13
1.9996360600714804
0.0
0.003203765395307978
4.924638286396554E-5
4.843871400761479E-6
6.201703937169789E-6
3.400519787977174E-8
1.637578961322106E-13
2.220446049250313E-16
1.1530663008438689
1.958134478336624
6.112754746823157E-10
6.93719158784134E-8
1.1555871757730154
3.774758283725532E-15
0.6145957981443454
2.729271761925389E-7
1.9999798483352513
0.0012064719232552923
4.04121180963557E-14
0.0033910662974274697
9.137801807446166E-7
2.5062496327166173E-6
0.1660485242849552
3.215542165868612E-8
0.0
1.4267476089457887E-12
2.261106823997494E-8
1.905031687954306E-12
1.4975798379168737E-12
1.9999998177391167
7.179213890040614E-10
1.3322676295501878E-15
3.920426538961408E-8
3.911225787689432E-10
0.005158279751154238
0.0
0.004392275917132316
1.1350220144783905
5.617618326070328E-8
1.0006277376390862
1.0755015863117556E-5
1.971844796329218
1.9891247415628532
7.771561172376096E-16
5.4644409545945294E-5
9.197420602902184E-12
0.0
1.9926687675682015
7.762955183121534E-7
1.490483847454982E-9
2.4313884239290928E-14
1.174073060994374E-10
8.311625208375917E-4
1.5739964887018232E-11
0.02206401043327577
1.9925483176565937
0.0017108405338889243
0.0
2.2050077319590855E-9
5.148722447279042E-7
2.884334993069615E-10
1.6853328178800808E-5
1.2974216256900206E-8
0.3209478380661184
1.9999999997372941
1.2293573980970418E-4
1.9998956188079016
5.189182417097982E-13
1.4910295220715852E-13
0.0
2.0624639369692943E-6
1.7496863062512875
0.0
5.25002263884744E-11
2.3425705819590803E-14
1.567412866165796E-12
0.006226370064155162
0.0
5.440092820663267E-15
1.9999997987917024
1.6515673195716118E-7
1.094503855680884E-5
3.7719389746870835E-4
0.0
0.0
1.8222308836569046
3.0972221010117096E-8
1.8233486631658025E-7
0.0
4.340305892469587E-11
3.3264920402675813E-6
5.057266716512743E-9
1.049382802875698E-12
0.0
1.367620121295321E-5
2.074158178544394E-9
1.0596125754602781E-7
1.9980609353914538
0.09969232030044661
7.105427357601002E-14
0.0015293495020510806
6.600252255850592E-8
4.884981308350689E-15
3.3121505433331144E-5
1.9999987082454813
8.002490892167202E-10
1.0202949596305189E-13
5.065196266607064E-5
1.2667644710973036E-13
1.9999995725053228
0.050191353991611565
1.5697671484921831
0.0
3.3306690738754696E-16
0.0
4.3132247684596337E-7
6.481202614350146E-5
1.9192394804279367E-4
1.1922019083066004E-7
0.0
0.29623662104482706
2.1094237467877974E-15
2.696221868225823E-4
2.468860116344729E-9
9.808647468689813E-7
3.573055689098936E-7
4.840783329740361E-11
5.551115123125783E-16
0.6390262471131163
0.0
0.8288516881374337
6.250612250013887E-9
0.1932617352629502
0.08000089442164215
1.300480795274339E-7
4.0679794599207675E-5
1.5431284445810434E-6
0.2557005199369762
0.0020331292462051342
9.448997140282245E-12
0.017065828516422354
1.4975798379168737E-12
2.2200793425852794E-9
8.007247537555884E-5
2.46436204776046E-11
0.0
1.9999999999976965
0.050191353991611565
1.9758719655968449
1.7560527740045906E-5
1.5842458405135318E-6
5.159652398445402E-6
2.1160850849355484E-13
3.777188339881832E-9
4.272322946585749E-5
2.5732962427582606E-9
8.869484192652877E-7
5.774093069954578E-5
8.761725789341313E-10
4.671356790275638E-8
0.0
2.0255966903803824E-9
7.430184911783044E-9
0.0
7.716050021144838E-14
1.2269062945602371E-6
1.9997686396993433
3.1058493463742565E-6
0.0
2.9827818593175515E-5
4.835939426683922E-10
0.0
5.617618326070328E-8
1.999999109896813
2.597648429691901E-9
7.435763116347971E-11
4.448388712940954E-8
0.0
6.45520858988391E-10
0.10083914897696833
4.0632407020368966E-4
1.8886229018922376
1.9997924453355767
1.4877682420292802
1.8957535097285927E-8
0.005229174262705527
5.733605988877954E-7
3.445112126687633E-7
3.04359779057517E-6
9.806716005922311E-8
0.0
0.0
1.0434128228098416E-8
1.1102230246251565E-16
2.0582594406626242E-7
1.9095836023552692E-14
1.9996779615987856
8.730932331131314E-4
2.2941516031327325E-7
2.207993954339571E-7
2.632772447830334E-6
9.409132029070122E-8
3.3306690738754696E-15
3.1617545104278832E-6
0.0
1.9994936077787824
0.0
2.834288359565562E-12
3.009994364866486E-9
0.008439865465281748
2.353672812205332E-14
1.6342482922482304E-12
1.1102230246251565E-15
1.843303041315636E-7
8.549950719516364E-5
1.999121908825108
0.0
1.9999999869664
1.98775681470309E-7
3.573055689098936E-7
1.1546319456101628E-14
3.579006063225698E-5
0.0010523121869945307
9.037071080175707E-5
3.239156526246845E-5
9.38941285731909E-5
3.3951730316061912E-12
0.09198647783014235
1.9999999999965863
0.09748055672033096
2.220446049250313E-16
0.06023255456681986
1.2212453270876722E-15
6.2482032880950555E-9
1.9999999955997483
1.5103696071605555E-11
1.6103395283906252E-8
9.053289118376995E-9
3.265611336900065E-9
2.7233726385134105E-10
1.1727285809115529E-12
9.216849505833125E-12
1.1555871757730154
1.2101430968414206E-14
5.140332604014475E-14
6.081801728896608E-13
1.9546419357132614
1.8091493891414512E-4
2.321303149699361E-9
1.9546419357132614
1.2464473897466632E-12
1.9491371459320113
0.0022694371239175837
3.394506897791416E-12
3.316017324735965E-4
1.999819506422314
0.009041044169713408
1.368904989362818E-13
0.006096272548841264
0.0
0.0
5.363487431964131E-13
8.731410154227959E-6
0.0
0.2917432646227487
6.460396217988773E-9
3.337749786028743E-4
1.89392917829888
4.696613720156506E-8
1.0596125754602781E-7
0.0
4.636291350834654E-12
3.949840199357624E-8
2.1871393585115584E-14
2.1924678228479877E-7
1.978749346885679
0.0
1.4479573933190437E-6
1.9999999999999996
2.1538326677728037E-13
4.5970116602234157E-11
1.9999985346744809
1.1102230246251565E-16
1.6817198460018514
4.771796300317988E-7
1.0434128228098416E-8
0.0
0.0
2.0980598591791022E-8
1.239590476308072
0.037620921920640704
0.0
1.7024236627878162
0.0
1.2956573192113296E-7
1.1718970238661086E-10
3.136713111473455E-11
0.0
2.2941516031327325E-7
0.0
8.548717289613705E-15
0.0
1.4666046155298318E-13
1.8481015606752749E-9
1.8890876183123209
5.573115953017016E-5
8.467337941908681E-12
4.139771270228465E-8
0.0821128822766608
3.0939695250253862E-12
6.93719158784134E-8
2.78477241266728E-12
5.985976936351278E-8
1.0249754809565914E-5
6.850076061937216E-14
0.3495899801932487
0.05081127633904425
3.635855491145312E-4
4.333200465111986E-13
2.0181611769531926E-6
1.320265558985012E-4
0.5016603946975815
4.1848460552440514E-7
1.4854784069484595E-13
1.9999999999892126
1.9837305087666421
1.862890458003143
1.9679762533596499
3.277164037942537E-4
6.151141084242973E-5
2.599365167554879E-12
1.1102230246251565E-16
1.7740361402118765E-9
0.003367386510455761
8.881784197001252E-16
8.07199862506991E-11
7.987783269269855E-7
3.630429290524262E-14
0.01709500645549522
5.259479962660407E-9
4.20899981534717E-11
2.9827818593175515E-5
8.437006648875922E-11
0.0
0.0
6.229103566290917E-9
0.0
4.440892098500626E-15
3.076695309633948E-8
1.330433620707215
1.0079714840571796E-12
7.65811860792276E-6
4.674038933671909E-14
2.907359851755942E-7
0.0
3.3264920402675813E-6
3.2702116212313115E-4
1.9999952740330307
5.9653740003273725E-6
2.6201263381153694E-14
0.0
3.0866755136771395E-4
1.978330741333124
2.536428833632698E-8
2.220446049250313E-16
8.71536801616557E-8
0.1463559832070308
0.0
1.5286880594711505E-7
1.3320972377985851
1.7384938488795854E-7
3.717859353713493E-11
2.514310981638346E-10
0.0014599025095078932
2.1160850849355484E-13
4.0054040928438894E-7
0.0
0.050191353991611565
1.208133593166849E-10
1.9999465309691624
1.021405182655144E-14
5.558850090126022E-6
3.4173774920986943E-11
1.9999858014456913
3.572778682026101E-5
6.488953413819054E-5
4.434072397807576E-6
1.9315752991324469
1.9999986046607066
0.0
1.9831722173459903
0.0
2.970998558282645E-9
3.1780968967609624E-9
1.6217787572803122E-4
1.4576466969034234
1.4948496318556437E-7
3.976069806732596E-9
2.0980598591791022E-8
5.415184967105802E-10
6.497440374619856E-8
6.139533326177116E-13
1.4400447501117242E-10
0.0
1.8097745524414677E-11
1.1763701124323234E-11
2.1604940059205546E-13
0.0
1.8467576165399335
1.4808931858567576E-11
4.337383674446471E-9
5.558850090126022E-6
2.6834090505190034E-12
0.0014058048213988483
1.99999996718237
0.0
5.60218538225854E-13
1.1879763839317548E-10
1.330433620707215
1.3683017049050028
2.7175128036738272E-8
5.66645619315409E-10
5.870501840199438E-8
0.0030243681338711914
1.4976164283708737E-4
0.0
6.8833827526759706E-15
1.9999999999920102
1.4678016509739322E-4
2.0599587857716983E-7
7.487260311593857E-4
6.661338147750939E-16
1.9999999936312514
7.892201336900939E-10
2.438049762076844E-13
0.0015912446326903362
1.2212453270876722E-15
0.0
3.9453351696749905E-10
1.999999327055671
1.9909589558302865
0.054837018085736045
0.005871286224265804
5.472114839354392E-4
6.17061957086662E-13
1.308939621136318E-7
0.01844100414720018
1.9916626597318028
3.658484559743158E-8
6.565157306681613E-10
9.667822098435863E-13
3.443435870265077E-5
1.9761969838327786E-14
7.719380690218713E-13
0.0018345118154828866
3.1448307291626065E-9
3.7442270245702236E-4
3.517837110500466E-8
1.7420509479393331E-12
1.2044656696477771
2.3794339620852867E-7
6.481202614350146E-5
0.0
9.294853020591631E-7
4.1824611397567324E-5
1.1102230246251565E-16
1.9674251455918728
4.6629367034256575E-15
7.383228139978826E-9
0.06561498865986937
1.1714422765152221E-9
1.7645144403367747
1.7740361402118765E-9
3.3306690738754696E-16
3.0972221010117096E-8
1.021405182655144E-14
1.9984014443252818E-14
0.1415299309682796
3.1672521631165296E-5
2.1722249299394036E-4
0.002380623418390404
0.7577905773949775
1.0691262319895145E-9
1.430473529628884E-7
1.5389235186180628E-7
1.995529187620729
0.0
6.850076061937216E-14
6.789995765643653E-7
2.582378755278114E-13
0.3209478380661184
1.1032982138781122E-5
2.605476390193928E-9
0.0
3.3706371027619753E-13
5.159652398445402E-6
3.4638958368304884E-14
8.879885715629143E-11
1.490483847454982E-9
4.99933427988708E-13
4.18332035678759E-13
0.01709500645549522
5.7072994253948295E-6
0.0
7.144396185765345E-12
1.9990581928240838
1.5892458419741589
1.9546419357132614
2.9976021664879227E-15
2.3314683517128287E-13
2.3991697517544708E-11
1.3957501820982543E-11
2.4424906541753444E-15
7.383228139978826E-9
1.0769163338864018E-14
0.014419315899993013
1.9994765238717944
2.3773786372860428E-7
1.7130327378822585E-8
6.864854129595699E-9
7.902900556189252E-11
0.11558603700376269
7.810593698553969E-5
5.46229728115577E-14
2.4272805987379797E-12
1.7522466665237926
5.167029470953821E-9
8.834710740757146E-11
0.0
3.935328326543086E-7
0.0
1.2313516260604307
1.9999952740330307
2.5062496327166173E-6
6.112754746823157E-10
3.5379990528383587E-6
5.6288307348495437E-14
1.4463219510929548E-10
1.9999931406929017
3.927791425439864E-11
3.046643015647277E-8
1.999974721487312
0.001433074563362391
1.3237708845104112E-4
