-0.6860190274648428
-0.9901768710137959
0.2807179994825102
0.6834155427325159
-0.9738635153451847
0.09442555403862785
0.04632151464267986
-0.35435916964381353
0.1121840208655085
-0.6652452347941717
0.41821442831212297
0.5640478148423906
0.05237448492494545
0.18399189527899118
-0.4316125146961898
0.09859705831272536
0.011336903207945115
-0.08293397288617399
0.5855645476396574
0.8554449750949735
0.8404511223022282
0.2504154077476244
-0.9164059231224204
-0.5091404980261292
-0.7702565972944606
0.2158088458223686
0.6939524879736547
-0.4469473971627218
-0.306186298055225
-0.2670084789929028
-0.3066736964975395
3.140415116113987E-4
0.43167484653304605
-0.40040523132416855
0.5804474625770034
0.4806449374262564
0.268538485626229
-0.5599473529940262
0.36829784425060536
-1.2592145319544183
0.6962570067776003
0.5976774934273089
1.3948298639616044
-0.025658367969053755
0.34472652619611005
1.1141648715282473
-0.45236166839339703
0.3945175409145487
-0.06924883743859202
-0.3352141351578893
0.7834083540583853
1.5415935127082794
