0.48811845417900623
-0.9130490324146348
0.24046749886514762
-0.4840378116386723
0.7380585597627232
-0.45746132442377974
-0.1015297281483083
0.32638545256457796
-0.23005507782563006
-0.6403495958110001
0.20767071135989146
0.3962597651919717
-0.5921404398243906
0.5931434000863585
0.8162066651663238
-0.43287985934435325
0.9582107856880646
0.39684413578978983
-0.4567167967307886
0.4610965216522245
-0.8817101614603589
0.7016768171490335
0.9660974490250549
0.011276772839580174
0.7690455978026431
0.33533689784215004
-0.2745146015722868
0.38457385850672776
0.7903221314352591
0.005446494142574476
-0.045616200387378125
0.5700068237017124
0.554455429384525
0.24117051038731496
0.24790102549098547
0.9742402045980645
-0.05661983030836004
-0.885403553658364
0.12303460850058578
0.20404090713418443
0.5328009948383856
-0.16892100365447793
-0.17755278469631186
0.18440346645698802
-0.5966334571197638
-0.3836733208248375
-0.9926827062085313
0.9151290453414511
0.6943813941846044
-0.5676796333191674
0.39100213259531835
0.5583521865238454
0.23788243117287644
0.16532757260218056
0.17285882512682105
-0.05406961649153352
-0.8730640069266202
0.5135956963182529
0.1150569545958624
-0.33943383246900116
-0.7001181243902186
-0.189703943139371
-0.12226587464492855
0.5552648978863397
0.9984323438544882
-0.5440816772692378
-0.2488108385797021
0.4976137372277134
0.8929749925299892
-0.7200142704781807
0.28303438851563545
0.4523761798360264
-0.5282556710260891
-0.34253213698677687
0.34003165456260476
-0.5963795463159076
0.4175096089782724
-0.09023345396092641
-0.23896089239174323
-0.32873753316351495
0.8650299187883574
-0.20162046816469403
0.3461644762238465
0.3799959833735522
0.4753147390631427
-0.19641477925568007
0.9264261430893348
-0.5198797739151286
-0.684480290280918
0.42160765747494455
0.02345012511612632
-0.46473881219056534
0.9187994199008198
-0.5783405365833101
-0.6161760647436825
0.39458754531546547
0.24895804844712388
0.5920828321144971
0.1605507763311158
0.3257954599907693
-0.8300299568848202
0.5231763383440227
0.614467377467196
-0.5992638887838355
0.9885543386617877
-0.46282479870444315
0.6601039932062938
0.8272056441333941
0.816955093826949
-0.5882397264849644
0.6737850178682454
0.91247084404833
-0.25698735912871706
0.9934943641548002
0.6763197611301894
-0.6910688312235436
0.8951179905664912
-0.3225897781513405
0.8102658609354734
-0.7036264068607749
0.9378701044654265
0.4555766679422033
-0.6427713962547685
-0.05453768614495225
-0.870980464714995
0.8137718075471401
0.36568906088825925
0.8959448571029838
0.36886116283757087
0.3395976369245981
-0.6614929722510698
-0.19749381683561196
0.47917735305185505
0.010473909292542327
0.8847366676678348
0.2118457843858641
-0.32576539814352756
0.09784933094582993
-0.7563557143065742
-0.3022916368819091
0.9744039081668809
-0.15908189303277465
-0.8855401610791116
0.5237677806293926
-0.8334638965680901
0.22197751878971528
0.3585974633054232
0.4362582055670905
-0.4588663744728718
-0.0959664920263672
0.6010620642195119
0.6070631829882818
-0.6849085527864249
-0.2933801587684317
0.905042852924874
0.5177571505742518
-0.15010456966824415
-0.1434132641683692
0.10898746562748474
-0.9614453463202159
0.20870883921759353
-0.29260343157574775
-0.3303965929363917
-0.4569640416303722
0.004056133908341364
-0.7338802907698057
-0.5594089390137185
0.7469081315449635
-0.059824975995466545
-0.0015878932608461849
0.9178929676159508
-0.32879888579850514
0.10625503443554463
0.6846492633236239
-0.7882032613664853
-0.3277613981392813
-0.7766321957891169
0.8638612544225976
0.5086489741407112
0.28404943322689946
-0.8488258138757252
-0.5724856992828504
-0.9104100580818493
-0.4544988364427762
0.216416964326545
0.38219205564254555
-0.1296509873980467
0.9800827986242127
0.27600516541610953
0.8265815603992057
-0.12038729639759738
0.5228401804581169
0.5771668092327802
0.0914644626537846
0.24286683226021188
-0.2919114118426689
-0.4569718216066774
-0.5866481569614188
-0.7904801427162089
0.6481392821638161
0.9990311164090129
0.7111200916534781
0.2633311875542217
-0.30003350828583786
0.21560545716388835
-0.31626018617578744
-0.055366393312725526
-0.9373830648689923
-0.6210250632971583
0.8824786554911164
0.6472189763064993
-0.4585736071356319
0.553537369687449
-0.3891646810257303
0.4852787422821112
-0.8956735618373708
-0.7478429920320899
-0.09236613504514168
0.9272757387976536
-0.5483781785335031
0.49681286069156005
0.22823148598876442
-0.06759815086475762
0.47851435142723053
0.06218911826064755
0.04172864787363206
-0.13838686420987578
0.44945260860925074
0.9022057512562864
0.8363476863959327
0.3599929721910837
-0.12846322624844286
-0.8505515963044166
0.9747495144295366
-0.8492461018285486
-0.11611338271315175
-0.8450708927531596
-0.9688361330034487
0.862032251204188
0.04047388440411748
-0.6127508509755768
-0.6310412454742136
0.30337576548792766
-0.5477069525346077
0.3343023616024625
-0.4426837330949216
-0.4346427193651303
0.9014838252196535
-0.037359235285250314
-0.09857670619833381
0.08514530556423949
-0.139439452803356
0.7146822488784415
-0.20228836396086858
-0.15429200478879745
-0.4045231342817224
-0.363547539605769
-0.7932080254344078
-0.9646910453261117
0.620949373095462
0.08295166125081077
0.8306327190037
0.6030562176447691
0.6140873647223746
-0.08398413684669426
0.7878022387028738
0.15512124811824313
-0.787408477832994
-0.9209889050548037
0.5485552244784937
-0.8678468161792003
-0.15909790529805723
0.7528707412034583
-0.7313196574138012
0.18026366100526614
-0.027059966391659973
0.4583782181505496
0.6643992215396879
-0.051279050717335295
0.6544172141232223
-0.6485651523906912
0.707393371281803
0.23470010195321667
0.99963932462876
-0.4965521452515851
0.03416665487145676
-0.4296696837033376
-0.24353034569642418
-0.634139021372625
-0.2534829435917041
-0.36669847077156525
-0.05249812606909021
-0.12894580690253732
0.6843862359450474
0.7661001566327823
0.008122325847757628
0.7427333856183918
0.989085964106633
-0.6509481091540952
-0.6785756781249537
-0.6343465856370973
-0.647570985222379
0.9581418611209489
-0.6536650188309625
0.3925411520250235
0.0354553133761899
-0.09952828530550595
-0.15144536900615058
0.7288007201526416
-0.5348777851525985
-0.9381429089192168
0.21713301869614043
-0.8666288375161144
-0.7046935164491921
0.010508385445480162
0.2731027464053162
0.8380376687909656
0.07675821664964477
0.46264016631484717
0.21808257149381194
0.005078543546417347
0.2611064580611262
0.33210689498845447
0.2878050477977945
0.7525715401099999
0.017106945924311612
0.40632168478954944
-0.548440840240439
-0.45521616394197206
0.9949361385685569
-0.7994210988296682
-0.37797698566631444
-0.7455880628238585
-0.14114686658222153
-0.6702653467979982
-0.41621998475026656
0.7156008782896424
0.7627230219948566
0.5407141399458115
-0.7590527713246553
0.6953498634951936
0.3975290043290476
-0.3187928727860456
0.41734916105598496
-0.6391426306109489
0.6777544083408327
-0.5165646445004493
0.5077746698777086
-0.738521319170294
0.9460806561531658
-0.22330094646670862
0.28915498649196847
-0.5074634393338686
0.9041414943969313
-0.6775618976199074
0.7334828386555587
-0.500012023990559
0.4239553689858999
0.6566344884741704
0.3855224170955549
0.1712493880280057
0.6232111006404302
-0.7546876287346251
-0.5134366132664379
0.8800914861559337
0.6434093267266172
-0.9650822237268646
-0.023636550887592866
-0.4110499437078452
-0.8100429086073881
-0.7691607752856084
-0.7218221069403292
0.18150414944403326
0.42116595435935666
-0.6920585002885824
0.1754362265736622
-0.8287700544346415
-0.5210751994670029
0.2677160594904946
0.6736221019277859
-0.1730074940274371
0.5658855792623112
0.713146143932875
0.8902960770383705
0.4575751746158965
0.5909645326406576
0.48439491806367796
-0.460413303215077
-0.043718462589406926
0.9086104518321731
-0.07179561567916304
-0.44755172543706667
0.476120043711292
-0.20285606929086208
0.4601087119080629
0.12491113314860458
-0.3853918336472928
0.05225253811407837
-0.21046106893725236
-0.5968323741163786
0.4830687527931512
0.16867037042014887
-0.032804972991417714
0.915184768326484
0.36129113504169474
-0.7968160157743078
0.19193533065835533
0.6365031044671081
0.8862233733210154
-0.6663371072310806
-0.8895654221968377
-0.04651008336950002
0.49770346991966474
0.1077678900807455
0.999823756522362
0.7743000256529473
0.5233070093135606
0.9365648205475778
0.6234128718493446
0.4043033485044967
0.9273431642679131
-0.9328261982352741
0.14844360185128802
0.17621454391041502
0.5268918007858103
0.4447403798365557
0.5111934595921532
0.08444278623913237
0.3859376086633768
-0.9987402266545851
-0.6645228499282565
-0.17202761968459623
-0.6425944103308363
-0.14849218951451548
-0.7448679501013511
0.9245902003736981
-0.39438778747156644
0.35525911966288404
-0.5688141075707138
0.4286095861396999
0.4304569502278355
0.9629806886128196
-0.29957175016845206
0.24905311625869664
-0.3998694930112092
0.2574961913411671
0.9854588557971775
-0.6972473348758457
-0.2621900601393963
0.8723456633689441
-0.6909314995186535
-0.3777338899483169
0.9851442278844595
-0.08225784091209243
0.8317561876706583
0.13926014043003998
0.16432098110676074
-0.6795252132102043
-0.9651593516503443
0.06005978182586169
0.49019754644666214
-0.7666049828595776
0.5431822939233497
-0.17464069829123918
0.07644383301130087
-0.3131057531321024
-0.21525031278265572
0.0773397012458843
0.3855269892975386
-0.1387379671833222
-0.759558535257707
-0.19044088517437108
-0.9381530327551879
0.7682319902914556
-0.8613728429889607
0.6938167757040716
0.3988309787619819
0.4327735384194684
0.3054063673163905
-0.6049138158396918
0.22314003666541993
-0.8820881059578998
0.5000674878975013
0.8022939994176672
0.32288673847070926
-0.1931874732361829
-0.938139040961431
-0.10741337058994604
0.24677465096534723
0.7154980807291946
-0.2972827315148576
0.8257664507518339
0.7731804729445617
-0.45274277186461376
0.7187734238336452
0.0642548990318157
0.6988348893478846
0.11808828498262813
0.6951361091009562
-0.43872315930371664
-0.5825845857785776
-0.3183905684063344
-0.23337269055176146
0.02284475135343844
0.48172283456108844
-0.49613618618745914
-0.15104001453664506
0.3666895628867626
0.029872889386203916
0.03964378901445964
-0.15988595631607794
-0.7608610005746377
-0.20171513781472594
-0.2782507164138017
0.2763211503156122
-0.18321572475262893
-0.21428969201289894
0.2127925494178613
-0.9511501975992287
-0.05457594027477608
-0.7291667265716648
-0.6239019776508596
0.42632632597405484
-0.9288360360149333
-0.45174690581312515
0.19439553052469316
0.2348199376948481
-0.5440391132789961
0.35550993027226596
-0.9944947110500724
0.002667771333125346
0.5113580107175675
0.6519896435902133
-0.3409054389469526
0.09271348987983208
0.5889479661148824
-0.4221002432573824
-0.4376777516372212
0.7194808885561366
0.1236209393537564
-0.0432832249299131
-0.796116675609994
-0.1911419604300857
-0.028383545701532675
0.5830867244707383
-0.6643532528652183
-0.1709661836013432
0.33748844207929185
0.268217421542835
0.29370260723860553
-0.9181066314591662
-0.13306036049370906
-0.09344222477701924
0.21738566803350046
0.7950751601088819
-0.2668235649033184
0.8120570796429729
-0.7736516626894798
0.9737506369514237
0.434456938779304
-0.520236712334925
0.45468351844712385
0.712157988380135
-0.5941029011882446
-0.5762526595157453
-0.5051762708024137
0.5600080398666536
0.8665233051397325
-0.05262750634745217
0.5393639004133213
0.5344452613708635
0.45387845425241524
-0.5359669343230418
0.2194469339444387
0.5793505744701233
-0.7802936722123734
0.11261793385583396
-0.7477452648090961
-0.019648930505552054
-0.5700595178152501
0.12471993437229378
-0.11937941808593666
0.3185387960542554
0.7146981691394301
0.7898048322011815
0.7753710144619286
0.9574373517424963
-0.5727485923442375
-0.3839170405634409
-0.20801782684897385
0.5508631446353067
-0.530883288904243
0.5703354330808212
-0.5174320615359393
-0.1334614578922435
-0.40569638828439447
-0.7251196250701395
-0.6141146470500751
0.025127665669775867
0.8143644992845362
-0.9773362329098187
0.4281929110788256
0.7778422120411934
0.46883649274866723
0.306769010431466
-0.11510077112886363
0.8121642544421195
-0.5232889860445515
-0.5715850766232329
0.7461209614517368
-0.3070128376149648
-0.027837619644691003
0.17383933416779773
-0.7840662685167332
0.14544492574223788
0.057999243693308555
-0.8834359902934403
-0.5656972357877219
-0.41628811867523585
0.1410033690304362
0.14856125799128006
0.411107077011448
-0.34025929095011564
-0.30613438941913285
-0.5846469117686117
-0.5595340854240674
-0.18100923066558905
0.6466256929961673
-0.12272800685349217
-0.7643361201781964
0.4770117076743461
-0.5601844636521347
0.6987975540599314
-0.630071780932375
-0.9758448367453256
-0.12077053039472418
0.9755956911800718
0.2910241934068598
0.06773474854501305
-0.3648412177697129
-0.7553075484013114
-0.38681850722495037
-0.20532034505071328
-0.049592764685110646
0.5519618610533648
0.29812578470147955
-0.5818575929000167
0.8085502924803045
0.9243494123853802
0.4059900866472188
0.4185287442265406
0.6533495451703417
0.9839649653562492
-0.9721429130647372
0.14395008815386756
-0.030380927805787827
0.33202918464266773
-0.12187590988437003
0.8375425267259955
-0.5366019456296867
-0.300416704320696
0.5516742292253027
0.7999862266991564
0.10778590948790945
0.8860639959905896
-0.135858134108523
-0.35839658418616294
-0.23535247355264355
-0.45806438880104183
-0.17096675527262084
-0.9278645405488815
0.2284845241366431
-0.42527563483964226
0.1750135188408779
0.40463374754055015
0.8489482984695851
0.3565489264166386
0.40636907227607755
-0.16206239331106298
-0.5750829870241327
-0.007966153566332457
0.16722135980805963
-0.5380073708785553
0.7525639308978309
0.29481251425848165
0.9969019306635261
-0.29285948452909794
-0.642170336568832
-0.7983154934068839
-0.5654426573909204
-0.06515547428455726
-0.4570541761885327
-0.6763696299483222
0.036137605728963296
0.6856740870487636
-0.16063769931075367
-0.8780560861153985
0.6188640745252612
-0.5069102881829861
-0.8892881402039554
0.040689209032064966
-0.652673115096918
0.6568940584083895
-0.44222852626995857
0.9157009970300802
-0.5148915136321628
0.7856587773006647
0.4190808359261431
-0.1430216519219465
-0.20062631871503855
0.3595615134333807
-0.6942345162451258
0.927489303269057
-0.0502516594095499
0.46633521539906986
-0.11784343823954879
0.36987438348300805
-0.971311209872117
0.26117314876626296
0.8868971033371831
-0.9775535074597335
-0.18724112712131236
-0.8213220295052166
-0.3831624506252067
-0.8175647162492818
-0.8285790511249449
0.7426994997433718
0.30040611809571405
0.08001077870625761
-0.26826211609172734
0.40840829200290196
-0.14727291090824957
-0.536624037185091
0.26074890212245205
-0.5939884084578635
0.13477739105289688
-0.05647079855182713
-0.6757469433145127
-0.17127537869768084
-0.4393631466463175
-0.9931258513404799
0.26750799566671524
0.5696598544207476
0.2822899135828676
0.8853146622337873
0.3929670597354651
0.3667198950141295
0.20406379437930933
-0.589639684586202
0.5265227786065652
-0.4339760256910765
-0.8640284180836286
0.7750510900713026
-0.3978696610822181
0.7282222709708173
0.7355770084526039
0.9518812107098666
0.7512934109224798
0.7427740059988881
-0.03810276912792765
-0.1168587043754703
0.4164003842686772
-0.6816837772306474
-0.696085317975401
0.6067609520279553
-0.40575538395892763
-0.1385204629268484
-0.11646987756968574
0.33723773844366045
0.0031979818690561768
0.42258184558002476
0.10515079831042695
0.9931039746481685
0.15732244651449023
0.5778326909792735
-0.8953420503098029
0.07035809656306746
-0.5643076437364571
-0.45208689090767074
-0.8600953729743257
-0.3271329679984847
0.1828751894319638
-0.27690241693121864
-0.2092412132678425
0.485907322764902
0.8358833002375192
-0.4838794204358279
0.5012584909167008
0.8052817491719657
0.6033969288981638
-0.20694049563389627
-0.8164638917615588
0.8914619265593202
0.9269738457240704
-0.3801077663256409
0.6619794208540064
0.4959597412349812
0.13194886280863005
-0.19049016455725587
-0.26558043152616806
-0.2349885777113676
-0.8791757622573011
0.1809395995422045
0.3752724660498896
-0.013932393413384148
0.14428263140477005
0.6848411004984132
0.5585701841928634
-0.658298856879648
0.340314718713431
0.17359993689004383
0.4624973042955973
-0.43797043260599744
0.7881658486228518
0.11719614262958022
-0.24005486968648504
-0.0927054195093
-0.9701878117939464
0.3205584265446033
-0.7277000159966129
0.31843123620033364
0.11754435011332376
-0.7952016070956307
0.07084298126202326
-0.36223180416502476
0.515903046949155
0.8582437540717878
0.15091351811429776
-0.41506548848755376
0.1754595544568358
-0.9101414332113476
-0.8284536153078472
-0.7356481091133658
-0.6256710597670432
-0.5630349088668656
-0.5905034055143843
-0.9835368487990985
0.6178516410584545
-0.8082181262354902
0.8578888158970672
-0.23015563174749132
-0.4398801966044097
0.5266816988364498
-0.22682131940834682
0.24702450124766728
-0.8230927944656174
-0.3084100946115109
-0.8924913664516367
0.328914406062383
0.377041886250836
0.09005971097480203
0.5765432783243734
0.41873703398712214
0.8563972588307007
0.87734820716811
-0.5874781067039139
0.4365151004867458
-0.3433630584625784
0.5327080417302297
0.5574965330096326
-0.5662088681203061
-0.23117892440664778
-0.15486667134407672
-0.9486673541034989
-0.009912424971401101
0.07461527849506422
-0.3899243543607971
-0.8454406827436003
0.9844297018342103
0.8302412878242007
0.6778108065883315
-0.0690422843511509
-0.5528633630203443
-0.9374631488283092
-0.18032327821028993
0.22585631386372418
0.9346189281225661
-0.5343240548256929
0.7073594313236635
-0.6264656689845876
0.04367810126716143
-0.5910735356224335
0.7896125958753875
-0.45681025212914395
-0.11265186208564426
-0.3755851965236867
0.24901479172022123
-0.34740205678492564
0.6119385087598685
0.31636902651451937
0.6807088735680562
0.5841654044231253
-0.44526709577813595
-0.19687012176694885
-0.5726825776676319
0.10899299822018138
-0.7524087949547724
0.49171430900704016
-0.8351789451924163
-0.37210349335391335
-1.597751359679235
0.4199638026085522
1.1250283883241148
0.3911764747345722
-0.26938634878864764
-0.7241825920379771
0.4698524984970479
2.909118074774989
0.6848155762587267
1.0415420459219942
1.0872807055391265
0.42739963824928406
1.3825189493398897
-0.47833146697902085
2.5023699113966704
1.5720463925242274
-0.7100585701261163
-1.0389014150836804
1.7116289203223964
0.33863840466522116
0.4265602371488625
0.8942771375638368
0.4077074817463517
-1.5128598177818804
0.9911994152977174
1.2813417486644205
-2.302744474882786
0.14083403238630535
-0.845681299390829
-0.7317437062051817
-0.953524794633388
0.6039665606208552
-0.1985041385943862
0.2027840374216329
-0.7649391690465047
-0.8601765510201537
-0.516889766609328
0.6430537612868534
0.9630986092076468
0.8312726193238538
0.7694213977384108
1.7427667064262342
0.46114765993607826
2.0662716747412526
0.9675302028980773
1.5050128367473292
-1.0979796715357173
1.2199109260075993
1.3674448085712738
0.8999062121610739
1.1845437012102085
1.0523572377126353
0.23130783769933624
-4.641452995908803E-4
1.0422889799211863
0.6696772522715903
-0.0036237091903461712
-0.4948564965478591
0.7562112906189952
0.33808629826839115
-0.3955085170676454
0.2699200587508404
-0.5075553052365699
0.7634184532790589
0.5661518647736562
-2.09216505250089
-1.1748440613491773
-3.5211234926906245
0.37501285279054847
0.6743129684046946
-0.309688537489788
-0.843445565548041
1.064250744326819
-1.5033898114669157
-0.30338041024295026
-0.014775740698620993
0.388783353920243
1.8169082185605259
0.3642889511538274
-1.139946032181569
0.8186717711820648
0.029239160805097426
-0.241518956965983
-2.575040047288425
-0.9141927928266705
-0.4267672845871508
0.21782334920060317
0.4179384053989817
3.1362449060571027
-0.1430398569576457
-0.3099183898048472
-1.6509269743476311
-1.4293550671878368
-1.2742987160350567
2.4235847662979824
1.3764667047810026
-1.2807038921533291
6.487749428159398
1.6268188676773545
-0.512928238732792
0.9580603318684187
-0.26074356696788625
0.37995625212831113
1.6674587673421937
0.7122090492789211
1.637561247146299
-2.205032566879562
0.5663011411489349
-0.5115843782582183
-0.47068362397388414
-0.5197341689619355
0.3080211293289843
-0.7988562958400721
1.325698895645278
-0.32236031540019516
-2.5763711937096394
1.7569586097442513
-1.1656042638927597
3.339930043145558
-0.44667770337746354
-0.9350815872106452
-1.5905880258857552
-0.139822411804283
0.1136528993318421
1.36240018615947
0.4705184005577733
-1.0599856060544575
-0.24282977892182983
-0.40072024295461633
-0.16239843884733582
-0.4026486420663131
-1.19563928673091
1.7847643926156709
1.0080117751174986
-3.2500917808341288
-0.5062355570778498
-0.5561516118683016
0.8900240269072208
0.388677022333506
0.5027245413752075
0.9267745084380136
-0.6784844137774065
0.9605938846264914
-1.7595221077569279
-0.23392789814045106
0.9487777534133522
0.7891856105351366
0.5515439999470104
0.5091230867243217
-0.026642343903113253
0.12006459681147148
0.48467300328961116
-0.21108314469886244
0.49667285425614016
-0.009389691820287536
-0.6307994986755441
-1.8252117326799582
-0.09045826989879976
-0.6882509593070121
0.5426337883532665
-0.3359962421623972
0.8162981642791631
-0.12027981070959816
-1.1702239322712082
-0.9443567713334321
0.49847614978841337
-1.0555868914663284
-0.5849128198675746
1.1437589584615209
-0.025798432808217798
0.2144740991084379
-0.15188089503933422
-0.16480964294461425
-2.2776740631219803
-1.1703250252440984
-3.8084912933528807
-3.204074248551179
-2.2133195218966892
-1.745165156608671
-0.5033632994112555
0.18530915409950288
0.5250356574254124
-0.9201085269030419
0.814782121526714
-1.8121924372769707
-1.0632883034144822
-0.6903946963407446
-2.19881300300039
1.8372174395848182
1.0380136456965858
-1.2210184006710463
-0.2027611445213447
-0.608243615884733
0.14604968035587834
-2.1783327167489137
-1.9064395063341821
-0.5027588974745961
-1.3968491654567134
2.0428643819924677
0.3096384702809193
-0.3059525831833831
1.4139778555937008
-0.6357122928782248
-0.6469668201918489
-0.8357980775750214
0.6196395616262943
0.9528782358382574
-0.6019661760227651
-0.40416551554232355
-0.35171448944696065
-0.4458449896243704
-0.9151181374354032
-0.3767943537230884
0.40989835928759816
-1.8912301247662786
0.28681340257765103
0.67874959124427
1.0516776545016353
-0.721863007249541
-0.2950131502109544
0.08935985319163477
0.2812033554721571
0.9897764982759284
-0.08079996837268677
0.17924283217455475
0.3397694654345864
0.5222852267957449
-0.8531221346171182
-0.05337570701951705
-1.3747195735971591
-0.16986074106741478
-0.9323154483091419
0.04109370038056533
-0.45405893217284776
-0.8157682900271641
0.995993548912927
0.5190443118174004
0.3320350046669152
-1.148600895115657
-0.2547569860791005
-0.8907443693270471
-1.8609149630582051
-1.203672475114226
-0.2967669453109179
-0.985043547195674
-1.780907290253274
-1.4685576688875492
1.304426688682494
-0.2537820442115142
0.28031720854188524
-0.45103405091937626
-0.18193840101351874
-1.2870067997031047
-0.9903397524224592
-0.9058155424411793
-1.0079844967533305
0.9083324058599587
0.26006980693391046
0.9827448972027067
-0.3530034608960779
-0.21547886773061917
0.9194276213275356
0.8276528092044881
-1.539588133125042
-0.7029225613299056
0.42635781224891156
-1.6027336340418374
-0.37166867274312293
0.531780352728317
-0.27018660232736497
0.47981848045720327
-0.9621188246583867
0.1397933663795651
0.5414461929394082
-1.2578864394652134
3.2202819365906663
1.5599049462968235
0.05842057645164895
-1.7767905830074164
-1.2485536156849926
-0.7548924214572312
0.8300878579567352
0.7533741475405702
1.156374730682996
0.4062310274271766
-1.7077497647261324
0.1370537255190698
-1.0538706002313796
1.8940261797151472
-0.700509146424652
-1.5522909823678295
-0.4106898118874727
-0.8775082072266183
0.11956154226235245
0.6144890986672923
-0.6400975951580534
-0.7944112157737696
0.08366473922747925
3.2028965321152767
0.5580878392671057
0.8487246279964937
-1.3674348102097955
0.9402099213782454
0.04492079059191653
0.5219379807786672
-1.5203087053675015
1.125935633046016
1.9418214380614054
1.2866890068535841
0.26890279963208846
0.15745349422012545
1.5573537854239834
3.232509455276841
0.10899503599381168
-1.2087419547770102
-0.46439150210274566
0.8018122553061748
1.7442402426842054
0.45743278462761333
-1.3279360102172908
-0.3190690684318235
0.18019231915230638
0.6852047807582364
-0.03387668738226887
-2.7405688000507067
-1.9995905303455601
1.9657897996603537
0.5962560519180843
-1.2688402584144698
-0.614461555157095
0.06552247746889577
-1.2373616343617864
0.0536644970922378
-1.1023275867155522
0.17050510863147814
-0.02020749953731006
3.9632766215220125
0.6850154460229045
-0.8229927124139903
0.04309771354474845
-0.32857961028826926
1.0354173140301028
-1.5889550794430818
-0.2197812297713076
-2.1482518242527346
-0.5269869220690107
-0.5834709489493685
1.1637048481496781
0.4228306268789198
0.26254439965231663
-0.06865626079677348
-0.9327091348067794
-0.1193162741462084
1.849652836192989
2.8176559560655297
-1.2979060654811614
0.8852683842157439
-0.31543758698645774
0.7344479651862198
-0.1262696784773225
-1.205307517852666
-0.10545440152193035
-0.43658606049942233
-1.3757809779613717
1.043547802093327
-1.2136462397706753
1.7882774381019086
2.949113759789734
1.7650987697835352
0.8089038599332745
-0.9740119396044804
-1.1701249507658982
1.0217832419103174
-0.34444298222638764
2.4011887116764847
0.32318978557934913
-1.106395856815808
-0.00455676206819624
-0.703270727049212
0.8901867434716165
1.4098538086413062
0.14101070451414877
0.37357008192222024
0.5241934235485891
1.0228339791395724
2.0498600305895094
-2.306542920963518
0.7741140541764466
1.8743362044918708
0.6011456496653125
-0.28285209447617976
-1.2911027350958737
0.27019564416670133
2.1409860112224863
0.01851407810842005
1.5228000887736715
-1.742808553891097
1.9625188490286005
0.5084269449055465
0.6552161933165424
-0.48109303259932584
-0.06637252491906195
0.8461886152021241
3.6267298339542915
0.529807566260491
-0.22534325384501494
0.85268795462431
-0.12284669946464719
-1.6163330532895004
0.04037531888337911
0.3198808392804782
0.7888121392987903
-0.19437578974432104
0.7676132671192365
-0.360783116819427
1.0474134650903588
-0.13512127444043875
0.01055515849151565
1.5351236080208681
-0.8342326032681617
0.8579834235253608
-0.24564864380350918
-0.15569873065136786
-0.35928804305864287
-0.013860105765804102
0.8725435221255273
1.6368692484501854
0.6059878436543198
-0.5932367022129924
-0.209920788591312
-0.8943707712565986
0.014220304077733913
0.24111963997029215
1.5217132935737134
2.561315451984541
-1.5862776884887595
0.5438676800521481
1.015859297329494
1.3755068351056925
0.3475282126753622
0.5179041099457798
-0.6897783376147781
-0.5569336470121359
-0.8209227624828577
2.3033290232853183
-1.6600169522078903
0.7429788930645208
-0.6987574974593536
-0.27806214014834474
-0.7466548790809121
0.49875958310499885
-0.6516291756776605
-0.879430129203153
-0.039009454414166186
0.9512282986568829
-0.6459715334038703
-0.6835474160030656
0.21996124887180207
-0.4734062542992442
0.10661672252568338
0.8990141137015446
0.3169496215186262
-0.389039793118425
2.4361747098727644
-1.5655689673129218
0.6716230358063383
1.2548610631225496
-0.3096386299000086
-1.6987148137606198
-0.13476301439265856
-0.2105229867536623
-0.6405390758190328
0.8365765505492416
0.8190292520745032
-0.3053393731961994
-0.6845924006675399
-0.687814603390726
0.08393862325857984
-0.6247096706971976
0.8038598310204437
0.6872404101455866
0.5971327724640756
-1.2397698148518397
1.3097500717113162
-0.330259858998279
-0.5330776148864842
0.6371635906125414
-1.2254603835212372
-0.7610402258884634
1.3348683503893717
0.12821892286593667
1.3851298150229283
-0.6961329163966732
1.9025050277878046
2.742598912381548
1.2419385289086498
1.455953875843829
0.39489083920041795
0.49037214485806824
0.9700333219701273
0.2330191868623806
0.1692876357577683
-0.5500279346546257
0.396422409387868
-1.0056659078972277
-1.5782286637224856
0.682023559119927
-0.3055058378752167
2.7904484467244925
1.919851532853416
-1.9969586556210361
0.6893515192590186
0.8538253961762793
-1.6370191533926453
0.25118677591318794
-1.1236235679198823
-0.6981044038313973
0.7768479542604554
0.32902999384411274
0.08663071738586665
-1.0202619409686011
2.1560511852988635
1.6225220084298393
-0.5244080326752869
-0.25084320846351665
-1.0471752651034207
0.0766983338177555
0.26698671259607226
0.5028069414618426
-2.363738512563313
0.6197879345273171
-0.5527888156250984
-0.7036251355459078
2.8117931356806274
0.20764256563572198
-2.3053626173770754
0.45360548419597796
-0.8708889527634281
1.6909398643957345
1.1956009070724494
1.3349428641045678
1.2636640402773396
-0.07477020533820602
-2.001103062681985
1.172901068743883
-0.04393761819336359
3.457163814395928
1.6291769165041412
0.8822391474933621
0.13101528203310067
-0.35064901265675413
-0.8183160064163916
-2.7547984282268096
0.607052031121494
1.4442307302876645
-0.8757041132744967
-0.8385745654708199
-1.9667535889483427
0.4777602729502318
-0.7046121771239151
0.6747754618702164
-0.004747713621175196
-0.2109189995748584
-2.129653133596424
-0.22352875172188083
0.2630714733596056
-1.817861839286678
-0.5213772277855899
-0.3455180629629715
-0.8071202447643333
-1.0052894926542575
-0.19751675956846323
0.0933548364613157
-0.22187205511381955
0.22660009856919527
-0.24400507717435882
1.7132241695605268
-1.5168305336921832
0.9825979799236144
-0.19038666423626627
1.0063629570134565
-1.0677879740100558
-0.14387605900907868
1.079414299923285
-0.9451878822281693
1.0921352008330072
0.32301020452597223
-1.4290878579215458
-0.9039563978758144
-1.141887299780168
1.3073346433398014
0.9371690098090151
0.942436210807196
-9.734654577798281E-4
1.82673738659961
-1.9352952971060753
-2.579056874114419
3.4349750606603324
-0.8062455558034751
-0.19563792780635564
-0.7763458482935551
-0.2000219090797215
1.382325682998768
0.12965163349092976
-0.816579815564768
-1.5682399201924633
0.3751476973745517
-2.680684022915729
-0.4325624721806306
1.4825884248705388
-0.1976278020185811
-1.4783368060606972
-1.5531412502594326
-2.706029535425833
0.38587097328976444
-1.4801410028216202
0.36386336144753756
0.6315817177305845
0.10773055406505617
-0.10267371258516055
1.5893273125335758
-0.5083175309852653
-0.476518027980286
-0.5402130275964301
-0.465469608903247
-5.645493420287171
-0.455722793263115
0.5395866846767617
1.1247686249194813
0.31104347037773944
-2.39343638449956
3.332038282358715
-2.0036017368419907
3.1322854564212297
4.519758497727008
-0.9135988891736069
-2.143293792950222
2.6935006476711134
-3.567787416983449
4.027719697614793
-2.5878203260067396
-0.8276525807307965
3.276331996524276
3.08406641808121
0.862526894770778
3.1494734786020793
2.2405491826028845
-1.8567263084626748
2.326454034680249
1.0948111226691561
-3.0495960405412994
