-0.5044796772152396
0.629978210500197
0.9731155823236177
0.6635009667539207
0.25013384502990954
0.6800347086105616
-0.1301002880801032
-0.7851758738495578
-0.5604244681767896
0.4835094006195637
-0.7930764318210393
-0.14499826787417613
0.5194881762069183
0.41235918891763435
0.7424683091407895
0.36021808597558347
0.18418316483305963
0.10524375870823022
0.5561600671148152
-0.4567434655249085
0.16013512433036925
0.005428120568911954
0.43454063941193266
-0.3252544502388799
0.702503956161713
-0.5324269335048084
-0.657612824659134
-0.5753825360782769
0.45709957327450934
0.7681909722493419
-0.18812285516159055
-0.5306563326824665
-0.13568916818876753
0.41369001751265233
0.8167950759714222
-0.4465748850460267
0.06716118725382048
-0.5110846549638071
0.2881536262847437
0.9789847981457296
-0.0675541811162994
-0.8827490836104561
-0.43080786820976535
0.4893072392519908
-0.38394731075849053
0.20208654095342604
-0.130589249540072
-0.9658633369258331
0.7038021673851564
-0.025317454160346697
-0.17458994668629058
0.2818757423333096
-0.9038948674865619
0.4844309675822669
-0.07754211986071757
0.9700659730550041
0.9131700560094937
0.8491821500755918
-0.5105092157718734
-0.5403107870512385
-0.5983163156539639
0.8337737610639651
-0.5220293922795589
0.28946801277676815
-0.10643036528871486
0.7474564274863695
-0.03399625146675267
-0.2384509275092126
0.2562289163717397
0.09678071180822978
-0.8083408196855244
-0.9434998129096039
-0.9317279553425744
-0.5042907241098229
-0.15512122439477483
0.39086240143276196
-0.1577942571436448
-0.8307389010818098
-0.29840159063329996
0.3698706543234367
0.5183166533004979
0.02785488952341897
-0.37581788863167986
-0.980350304170533
-0.8583458251652054
0.7024774435298302
-0.8396082509637735
0.9166178146378823
0.5983954611050111
-0.1684900724027052
-0.5948732003253696
-0.4992363208435855
0.24355918205464722
-0.8562494082628076
-0.5958693263083965
0.8350634919966489
-0.15334122569990782
-0.5965860503333149
0.6259435687929957
0.8252868089739758
-0.9872811572490201
-0.06897854972954587
-0.8350901267782183
-0.38486668686305436
0.0371195784276368
-0.13699165873010344
-0.6389214483734953
0.8341803402786216
0.8568593941707041
-0.13066877716553837
-0.3962637722650473
0.8893282707553221
0.6266836718812632
-0.588331010813536
-0.6880782476265888
0.9105363810696863
0.9811361084446397
0.985413217983024
-0.2861913928876303
0.6802572997827645
-0.8827624701480432
0.24410854190955256
0.5888661358149663
0.5600346208905413
-0.4908238527889113
-0.6115855570985473
0.6837732486100205
-0.41980099373023205
0.6517824550740172
-0.3743329258841672
-0.7822014019248336
-0.1704715754011108
0.4730789559513371
0.7546946533985492
0.7527775022087868
0.653522580916928
0.14665046718325225
0.33804148327959727
-0.16274307154603518
0.7618778540093833
0.051373804970849646
0.25606577355545324
0.5525336347003018
0.2946826693393978
-0.9430834452230774
0.43655380133924493
0.809174656636952
0.9246330063718142
-0.19672050819464326
0.7098622322043195
0.44235087201178813
-0.550703338058677
-0.5631332932730195
-0.7591854608133017
0.6254035640750448
-0.5158514966111631
-0.9332397635699261
0.012108600461781416
0.3576377115747611
-0.3724157019080818
0.10400982006163395
0.7397527632001686
-0.056042495198219466
-0.41131080024556255
0.09854702514882208
0.644459562771966
-0.6433081862630989
0.5096742907648724
-0.77946814783845
0.5395898522807787
0.7532114091731212
-0.7096936055297154
0.7407967580062622
0.08881498471632576
0.020471968786528016
-0.3297640327278035
-0.6896585462600768
-0.4645473214351492
-0.669324887200204
-0.059377169936042806
0.13913397802549365
0.7332547945533185
0.4630980585833151
-0.2052012704741304
-0.7316519121114264
-0.33808743696211807
0.7932434282912006
0.37082472584768755
0.12280322972643676
0.9014398350405082
0.13740819249056346
0.5576205492956823
0.3974322289108414
0.037582148906549984
0.11582539464794261
0.33272315397637775
0.8502620163585368
0.7042152775035393
-0.6383707752820638
-0.6048383963436073
-0.3007430573557375
0.04561840916912918
-0.6454835108851396
-0.25197209219575467
0.048636159161435266
-0.27235344567040065
0.06943511111782219
-0.6713658268466851
-0.866943426947185
-0.43988204509865114
0.2925187516939671
0.06844288390924991
-0.6662498964769139
-0.9584316241000503
0.25482848403788894
-0.9888629530932393
-0.17150814572523743
-0.5770234927098936
-0.6976287691775098
-0.8475699831698409
0.11611525450601756
-0.86227753981743
-0.08810300820346928
-0.18656993798735022
-0.7415526096149814
0.031842236348984976
-0.9550666792600289
0.05561080973370669
0.2936361107070702
0.592510514071777
-0.36323569813597034
-0.31472506763639263
-0.9936389028737262
-0.5645356335046801
0.4569096594037776
0.3055581685115272
-0.6060835596482492
-0.7104160089352014
0.890725755697817
-0.8425096816198785
-0.24372217042248545
0.5765149332753594
0.8920197420466252
0.07791026649124455
-0.5720371386970975
-0.9702030570203868
-0.8722014154983768
-0.7226041024693426
-0.4309308854102556
-0.6038399471213762
0.6749170645516154
-0.5426403969394724
0.4946403703360702
-0.7036233534198708
0.6426651166072035
0.9027076216682397
0.025741504138359073
0.3622326447041393
0.2997908193186676
-0.2434067948049865
0.9575248602796629
0.5087858237800444
-0.48138467337540236
-0.538153639680101
-0.6550512388057768
-0.7514650266828387
-0.09024504503443143
0.6702477954974873
-0.4072193587479225
0.42524499627248136
0.8382139088098579
-0.1693406528477439
0.6299416997223111
-0.5569778159033603
0.26847475531608667
-0.13936892927645506
-0.741147273053995
0.8869123185400667
-0.2891558997524135
0.08371373650715919
-0.3171605873488288
0.8050630143176358
-0.19880543771105552
-0.756313977619832
0.3201274218629202
0.4883975673860874
0.5962673204569318
-0.42956253949043854
-0.4610884541803151
-0.29553857733134703
0.2529619185127756
-0.038143857825872596
-0.7363247602599792
0.4132197742233139
-0.49573375027135236
-0.7876275697895931
0.9188298578623986
-0.5584711087195071
-0.999996760356592
-0.02208343509752564
0.7640467630121899
-0.19091388524497832
0.1611887689264624
-0.7275838673060773
-0.561259712152457
-0.5790101781854271
-0.29221743650875687
-0.8421572498385528
0.9580360490923998
0.43766143025369764
-0.5771601911570996
-0.84816417165239
-0.19794709360873042
0.8131088484212736
0.34955975962381913
-0.1528620153477085
-0.6817554006131157
0.9764216642732042
-0.5049772052897836
0.04438660188493171
-0.29782777358681556
0.4649945552762471
0.2454309059542985
-0.7567250139412949
-0.18298404710010363
0.798238745460444
-0.31799209535204276
0.39144398976851424
-0.13517350432706965
0.23808253574970428
0.9251007938158984
-0.48959226565797365
-0.18892146664173382
-0.7491024501327728
-0.9798732012367168
-0.040887840129260056
0.5079490424648656
-0.8977476337563453
0.669702843879032
0.702721140851907
0.9299189166936388
-0.9066207363209711
-0.2857552301192543
0.1729736004755822
0.8171984906768952
-0.03409608184916313
-0.7282912265612991
0.38019598599048865
0.873497092858218
-0.9429659031030782
-0.8489090040749516
0.7648787718445802
-0.9085389353887641
0.46768413084471216
-0.22078809061290072
-0.04706698491194761
0.38744817200118664
0.6102628912278967
0.9306414018361016
-0.11924605444473335
-0.767866496872047
-0.8771143226725606
0.8441063757652714
-0.5046015811046156
-0.9951062664320549
0.9237242303244053
0.4252394958229757
-0.29706604003359405
-0.9237332278868446
0.6148484766373976
-0.03447161015783995
-0.12042557336959003
-0.39946776736068057
-0.3342785305361611
-0.7236704684064177
-0.8346922272894872
-0.8049315956484555
0.29384236268729036
-0.3813701766193873
0.9924919674273933
-0.4852825410500341
0.022365209440529776
0.6324578605268487
-0.15821031456116197
0.6923247339838032
0.5932877522760098
0.8599172795337253
-0.9987139320511402
0.26294621769225346
0.8541910588391615
0.13134150535359135
0.37085574908098184
-0.6912236540039944
-0.13002934237213748
0.1662454434507743
-0.4473721153861352
-0.09378849664329048
0.07790332701303604
0.6247545534366421
0.19620878973597478
0.3415651839449221
-0.6349564898552784
0.7551132702838623
0.8950324297744923
-0.35062867757620064
0.4255583542094368
-0.893830384735443
0.347876339509654
-0.8053658373943731
-0.4096719659647048
0.09471732678316669
0.1992940529363032
0.30034760389697035
-0.9587764569937398
0.9302074800020974
0.2721012615769127
0.6978695865855311
-0.06605224844959223
-0.13850835403428996
-0.987466929597026
-0.19818422631411337
-0.8737277554783403
0.6503309906244561
0.9389360383334566
0.7007403471766223
-0.7875479604770279
0.5701583429448078
0.6008350014540211
-0.04392055340651968
-0.9184097474998629
-0.30261616186950535
-0.12360063695763279
-0.9151071335039966
-0.1418113352918331
-0.6795869216601669
-0.881359406511816
0.4925464149863348
-0.8454536462976385
-0.29661037756724395
-0.3883369332426221
-0.11950800312172194
-0.32056270674954135
-0.9127739849536671
-0.8061348413229683
0.9524424295190805
-0.9301189165404948
0.2335674980929079
-0.20371926881773095
-0.03094802144941644
-0.01120759080738254
-0.8297085975992686
0.9766018121702076
0.44731022403418574
0.8999026148185181
0.1512068773143651
0.12308243381966943
0.039124226917923055
-0.897582769273471
-0.3110251703237197
-0.6245457395645286
0.3151300647585873
-0.8812145807761966
0.5745488366975213
0.16475894611380926
0.8802626221523748
-0.9397276318137668
-0.6997928694772229
0.01114462042512221
0.9603702845733384
0.7686747081496499
-0.1856180418850435
0.018758214683288754
-0.8344901563094085
-0.12751825906518732
-0.9336760815402372
0.28084951478936704
-0.03294268808253453
0.1618480829113822
0.18319117044766342
-0.3016786234140545
-0.4907546356303758
0.8819203532291398
0.4903523942659016
0.7941504879285146
0.24430146453773083
0.29050032054930597
-0.23639308053471986
0.499282089464967
-0.11452418897843675
0.7380357126889923
0.906940287826314
0.7447136047810938
0.437860797828832
0.27025345425274927
0.29139616580000083
-0.04075363096559692
0.08553915902038867
0.6568708174988469
-0.21931625429060908
-0.32211569096429504
0.0385680662327057
0.47950860999293843
0.8952140485335451
-0.4269726504527924
-0.46119827504584654
-0.4764001943216254
0.12316371225412182
-0.6847963412959457
-0.4145958953818851
-0.8549917217398846
0.46237515390840467
0.8100448037050298
-0.45816068870711923
-0.467293221883047
-0.5071310651496808
-0.8865889677021701
0.9341879457342754
0.7548822586834603
-0.17449953220034198
0.1688100923292324
-0.46066260628622535
-0.1448082111731337
0.21147150469624254
0.7052763910488462
0.9271858193324074
0.08964632886587665
-0.7638589594135003
0.6017384526970027
0.8504444223411767
-0.030509623150080545
0.8347824943228204
-0.744558144812935
0.9664159983856104
0.676413072301653
-0.2950426968432964
0.43196410881507274
0.001929082800721904
-0.5133963956447183
0.28914900670961385
-0.13920111843495553
-0.38686413639340334
0.6048195739352122
-0.7903728429350101
0.9287013965773294
-0.3484423436165671
0.6150631216638092
0.7520335556027271
-0.5825081736818261
0.9014511639459684
0.06154962979484391
-0.962433261400542
-0.053994661047289005
0.23712042888185203
0.7224661302579904
-0.8203164176349669
0.7888417269776207
-0.08654561246864367
0.911678263742002
-0.00374276941056384
-0.7953560544128058
-0.28159770596443123
-0.2986490593166713
0.1689695744880988
0.09252303898761527
-0.7786090587804384
0.8287827832883434
0.8320502675001502
0.8557990902812707
0.5174028724567428
-0.4607756518220709
0.800022712722662
0.829324657933135
-0.28003468857158653
0.5727849341875924
0.6520082729144885
-0.3934331288567683
-0.4030074023246413
-0.7703446849206086
0.8588754510626748
0.3458460904913707
-0.005964289976251758
-0.7651716093492953
0.21086136005631873
-0.7395891385262114
-0.30516787445180316
0.9624843941630568
-0.9710690043381738
-0.8631160256438344
-0.19703907371339224
0.2856099407830712
-0.33202048706151555
-0.755715779937373
-0.8403919402745654
-0.20410821632590737
-0.5913146981371484
0.9976809698758788
-0.141856684434857
0.025710611244220694
0.9458388131497093
0.22932603223518933
0.3424618025717079
-0.3717627777266095
0.3829973948629515
0.9230909779195349
-0.44542903032769576
0.36500104425979263
0.7226809276281141
0.35871993176113426
-0.04978764270417768
0.6854340848085483
-0.2653949733360972
-0.4159583664892115
-0.516120528124336
-0.17568569635326003
0.30203637783213755
-0.3000828858586526
-0.8674030707083862
0.9017679491290331
-0.05486693966910883
0.40010353622771566
0.0627041715331873
0.27664585803037123
0.4435434868077681
0.07244542645588359
0.17978144145931818
0.9745855845523459
0.4973295984544748
-0.9655247066995014
-0.12157005206948801
-0.27329042574056794
0.31144243783249914
0.36525762633982883
-0.39782588272084896
0.3178002079238049
-0.5316926994351743
0.7975639213492047
0.4775507411869786
0.7436467836312586
0.9232509124802715
0.6618561058203154
-0.34171435666795524
0.8842869638773652
0.8987674806888519
-0.6895283264280281
0.8522505694775802
0.38677462369768323
0.7074223183128934
-0.6187789117075266
-0.6073379155034055
-0.37445037958138383
0.4228731548584699
0.9441062129641313
-0.8825871277432777
-0.004354529266987539
0.1527684599555914
0.6508098483441367
-0.36587559677426507
0.15291222405153704
0.1086526144016553
0.9067932701698767
-0.03965004926762927
-0.5409772202161958
0.1424787906087417
0.4727869918613956
0.362536794509255
-0.4448022688909523
0.6291342231336352
-0.6309510957594959
0.1855273185398294
-0.4643245291056257
0.9667190691382752
-0.602038960789943
-0.05251247695879058
-0.4568288123673032
0.3650896861420867
-0.22607521494406058
0.16572293610729916
0.8295431558958453
-0.8533957357212274
-0.6316912521914393
-0.6413528126621513
0.8773298306329065
0.5173068050330012
0.790516489870883
0.9666294530737789
-0.6673633057266624
0.5855120602338775
-0.20918912128647826
0.7535487116176585
-0.9773725550669585
0.17709433049618473
0.9012745623103975
-0.37811053336116496
-0.057316635931320414
-0.11488950447153257
-0.027815668985252673
-0.36454093770015517
-0.7412906997266293
-0.8987016464475188
-0.8097830113679361
-0.7176917467902779
0.33068034740335195
0.4097951013799892
-0.921145292353502
0.5916092537429352
0.24521690794142348
-0.18014957188962066
0.3948142538734214
-0.4348901852143705
-0.7511931931546831
0.2271796382256801
-0.4908795574016507
0.6124672193056122
-0.21201331567234716
-0.6274510155092592
0.9126240702450077
-0.3675951087649314
0.6665526671361666
0.6831530637457861
0.36091906136211827
-0.2541132646438893
-0.48289200928596165
-0.6759980634081544
0.23999280026772207
-0.3288745580832133
-0.7213488906882068
0.8689090974010565
0.21954202195037165
-0.5249604926978912
-0.3685963619153556
0.8789575494295863
-0.7901709183392285
0.5931313552554165
0.6093169657084021
0.6011044258838618
-0.9805227517356616
0.8176008635538472
-0.19030951368820803
0.9133327970955223
-0.4562720160928675
0.02446788085964835
-0.9500864717177642
-0.5831389465938772
-0.6231466990710659
-0.8727178616847115
-0.1206501010968577
0.4833630399187627
-0.47013673336589235
0.6424912514832906
0.16004887368792375
0.683012901957397
-0.5043217533506745
0.5647331301803062
0.007685055694494736
0.6936290412545159
0.25452059114096537
0.28777763132943024
0.08308193039437528
0.18329193405714728
-0.15653640339361963
-0.47533817985355475
-0.794146423115957
-0.055576189725573544
0.9767413136705345
0.34764080083578475
-0.3289638903809915
0.6348505328709813
-0.9594811618659977
-0.5098519947644387
0.12242936669197513
0.7699194426207188
-0.0384292335404286
0.24970699159346244
-0.3120270194228161
-0.6247290447108449
0.7190507756578826
0.22889644587708768
0.5257006859361586
0.8293782901160738
-0.4124518182693151
0.20147566386383842
-0.5965156401983589
-0.05623201270845812
0.5631518706437022
-0.5298984998066258
-0.20241938540169935
-0.4741886371410522
-0.35788815138586894
-0.5057061072467608
-0.4254106126315109
0.40317437325697614
-0.832547000857174
-0.6886119145787108
-0.1890752887522662
-0.4027770123198966
-0.06314351813273555
-0.5544515399719008
-0.4898752169142906
0.28604372781647847
-0.627143266818728
0.9636371282196567
-0.6327373722234981
0.8342088221523523
-0.2772952494166454
0.9857883899483533
-0.6746414552067475
-0.49286293444039186
-0.295805696142305
-0.3128723207138744
0.031033403107411317
-0.5326149709214401
0.16496307843097613
0.7751562114315331
-0.553773890730092
0.37692236178096206
-0.803830882543634
-0.20474287247240497
0.6089331995381406
0.5669191865896637
-0.12762790100235266
0.9199907921942378
0.8644843870932761
0.4801309917841867
0.3759382428431184
-0.5480485947820406
-0.5269015982617551
-0.32457993710236255
0.747654932462805
-0.0863432444312342
0.1623094505407241
-0.9277281669523578
-0.6026125968558691
0.8225333274284898
-0.662649140681951
-0.5016095213021103
-0.6781168459938798
-0.9857492865775088
0.6426379739718122
-0.08383193751712081
0.5192865481161748
0.3687955988764047
-0.9739147855307362
-0.0721819938458117
-0.5800190340935392
-0.05618327444914906
0.07986931798313401
-0.6335385409881891
0.8528357689165611
0.8035797536196017
0.6834993063930692
-0.5816048686437536
-0.9686309957292907
-0.6939085167534531
-0.8700861292646809
0.973290943667966
0.9470511433321556
-0.9645357652857669
0.37354458481252895
0.23249934797523353
0.7414047648337752
0.8357766921520835
0.14356039304178259
-0.6184749198697788
-0.2701547372099804
-0.7783930586040633
0.8899774908595433
-0.15290754962694653
0.3552187162994418
-0.5688313629491073
0.2665519437715109
-0.6654747571743771
0.31962088353099793
-0.3233600075689771
-0.8452445583035948
0.7408329759946362
0.5342634810924729
-0.9570251095820048
-0.9142763574007928
0.05340195457037522
0.9699688394413668
0.4095767096474996
0.8057086121757102
-0.6874460141214538
-0.6276556398861792
-0.7562252210641751
0.9241584495268338
-0.568160336988569
-0.8622424796412724
0.37859053291226386
-0.946628279090308
0.4485693760305649
-0.14650148905819527
-0.579507816742387
0.34982427220174417
0.034790826651383666
-0.07200610750170888
0.14479917315148216
-0.8574735726505636
0.9443113229497031
-0.21987216654949915
0.8050819852265687
-0.14532494170468405
-0.5855700286689975
0.2534979257296031
1.1204529139025359
0.09092807802758378
0.7672232259983057
2.0091491653768325
-2.0610705529199502
0.39140126813278203
-0.6299361996747801
-0.22362990997943114
1.8738262258807243
2.1212914142221133
1.250477708811679
1.8078158455910118
1.5549620177695018
-1.0520523989852815
1.002136554732617
-0.1353727962147271
0.8879960092693634
-0.5001709162628897
0.29860815822939535
1.0064539316287664
0.6708308707228642
0.007641787595986477
0.15333611390465332
-0.4696778715605297
1.1693953891571343
0.941180042921405
0.36117935794269845
-0.7607269789316119
0.9097235514842786
0.6070731160241399
0.5157347773575687
-0.6531101571998501
1.8300010499060406
0.14438224071084826
3.6167035535132035
-2.3249383368542453
-1.960559382957124
0.9571015736420263
1.9721618330953066
1.4395424426940164
2.2643136355817823
-0.977400804849746
0.5380626161392573
-0.42007176731737733
2.216153518960444
0.3678358465007993
-0.6908831753590337
-1.2483049094516157
-1.600073160175948
-0.22145523767751435
0.5311518510006018
1.1020494902494764
0.12625310434505643
0.15774164506787347
-1.5876955398908505
-0.2499961681414894
-0.11935861607355534
-0.34268502590003264
0.4156236135243125
0.7090099415698667
-1.0299518388402333
-0.5401442901035552
4.354287889724089
-0.3064606898518778
1.839038379731452
1.0811127041021944
-2.0777335236864296
0.6414010570181494
1.6268350204618003
-1.6192787674556937
-1.7268827441610664
-0.010934280461083886
1.021943688822407
-0.12037641240667371
-0.5551748015955041
-0.7084126332539006
0.921721801830005
-0.016423964571141526
0.17501758973334736
0.8852683744917009
1.0749291387613344
-1.8517862720855538
0.8684163147565634
0.9712156812165097
1.9701816357053967
0.65411773210706
-0.8506028195036412
0.549622244771876
0.8458578396303084
0.10269319994118813
0.9134393216537593
0.5623564101395415
-1.2632742199683038
2.4553474798844888
0.37504152051703016
0.20046047274566522
-0.4513637076907229
-0.8908122578675837
0.11478891081782737
2.1383732313355557
-1.693596653570537
-1.4009170684461552
0.019818415837836247
1.4879026667476132
0.6874615107183593
-0.1404934345051088
0.3868961190943802
-0.6992565406408247
-0.13889775362882928
-1.9283606916099505
1.3517916163755548
2.421903474895567
2.3322632090080417
0.45116020644296617
-1.0710836183577526
1.0971432257886546
0.292650291340488
-3.379577099659427
-2.725270979251785
-0.8361942627852835
-0.32011784142237565
2.153131036363602
-0.8340973859319171
1.299416392424246
-1.0288107472303647
0.6530719354965338
0.1628814641075563
0.1101209003512984
0.6716066459537675
-0.35251804899993966
0.2487902179826782
-1.1078331248854612
-0.39855788704957656
-1.0174917894047009
1.366272011762542
-0.5081384112622758
-0.7512537174621509
-1.7912025232547435
-0.47045665522599733
0.5689542139777294
-0.28029932781189953
-4.470666307561338
0.4162083991240446
-0.7984307909147663
2.369745926200033
0.8123692123494273
-1.551297213605519
-0.6002072737051175
-0.496834226131842
-0.46692052186700295
-0.6746843705013519
-0.7959562501687673
-0.19580915591250012
1.58766341165393
-1.9719441666307762
0.5749249315778093
0.5204442662665605
0.5125573522564021
1.8726283905022079
1.3564716296877668
0.6497941701371946
-0.5979448223365165
-0.11589512096824661
0.4568874052370866
-0.04522430764480313
0.6172650315830476
0.44957721397783346
0.00145314093693019
0.7115517947095744
0.16327566886224001
0.6843569875625318
1.4137203806257563
1.0744714382293614
0.42202859921330227
-0.08301197085124055
0.9059615332036378
-0.15120229459384701
-1.847512901565209
-0.5294416310198906
0.011813318417959058
0.7426793672424754
0.018952167205199197
-1.1826070906745656
2.8735492893095897
-1.8027738382165852
-0.2911837425725068
0.2412866540037456
0.8625221486513005
1.792637282819249
-1.8415966549568734
-1.2208944665238861
-0.754900090320135
-1.6336709499943527
1.6412234842993432
1.0729132877329994
-1.136318785588804
-1.0807877187142227
-1.3149311713362377
-0.6638748135024745
-1.0714541695344484
-0.6571193133100527
1.138176633255586
-0.29055550782501965
-0.7095198614611162
1.4185196568546274
-0.12581457018528175
0.39762868884842767
-0.2793486353436034
0.8612971966737388
-1.51816324666583
0.14665577150333872
-1.4197452413028266
0.7765677609641098
-1.5330186852591356
-0.033064172416707845
1.0987376412131062
-0.01799206572471423
-1.1474909125678063
0.17305179892991
-2.3344623898242234
0.7014567476653534
-1.2893710371222733
1.4224209429457588
0.5251106570945947
0.20623237946645764
-0.19290144597489595
-0.16831252202573488
0.23526306161118618
0.33783760719044587
-0.3357039133191842
-0.267073230528282
-0.4826295039105327
-0.2687621452630132
-0.5140024113578541
0.8458209189801884
1.4404025285644095
-0.596814759050015
0.7776546698973267
1.0000928215555773
0.30976249744809964
-0.018768808063814868
-0.17745019973600953
0.08648530569772903
-0.8377903307109579
-0.6387135262799252
-0.12206286815475915
0.017018588054174343
0.8678057934859815
0.3354712741030214
0.25551278710244096
-0.5586244873491287
-0.6402297232345034
-0.35197529972617425
-0.11528401189171872
-1.2891740878067663
-0.3310741060011386
0.8294580609227106
-0.23912645226399246
0.19845318529450445
1.350328053726498
0.35714353876273774
-0.4335614439000437
-0.9662939520471412
1.8621116008869334
0.042970069811594694
0.10399716570601993
-1.348707758241367
1.2814609715893583
-0.3143594212383961
1.0338405123925323
0.1405205189339678
-1.7773681469899452
-0.2568657472051801
0.09179543102830467
-2.1951768875708435
2.524487305365947
1.3535872127209043
-0.20085094395402137
-0.0528104268200577
-0.7066487752275649
-0.6670677881309773
-0.20361667568998526
-0.0012041345551527588
-2.206909889362863
3.0615715674559567
1.7617680693931594
-0.284331990055738
0.8323183756960276
-0.3637500119426082
-0.3532076076088771
-1.578805578628686
0.15375886018693008
0.42799567052118803
-1.8303590183699079
-4.526491520162098
-0.3220596423545179
-0.7787627957632264
0.8749185781894541
-0.9692221418509047
-1.0312821708973816
-1.1513687014279192
0.46563010762985096
0.7856153480195125
-0.396162850925619
0.9905237045345853
-0.2763086208439194
0.4164102371201878
0.42562950253666865
0.5244784667055742
-0.7783915291104169
-0.14724148331526007
0.907893168199152
0.6851731900679926
-0.7152983394841184
-0.4095877220470775
-0.8351106737513877
-0.5722648520918795
0.5672177695050702
-0.9378772620226324
1.077500955745246
-0.4432855873761866
-0.7116681737794627
0.8695083829150124
-0.10062987459638054
-0.931994839756779
-0.8155147434863647
1.4990675338367692
-0.12008886404621615
-1.5871851003376365
-0.6137566824023034
0.1936337836577623
1.0191183239087735
1.7709640174008976
0.42542433930486756
0.8516082796867847
-0.4793463646415198
0.8104979521754141
2.0432665144073825
-2.5775513582736997
1.4597093114692925
0.8355359387761259
-0.1884886789644462
-0.7935332808731155
-0.920308505452888
1.8762289089598525
0.7530378679433255
-1.071709568570838
1.726371153549031
0.5940047776571341
-1.9276081670044245
2.4016353070475334
3.416818849114889
3.102095529762091
3.139363107729794
-1.06186261586752
-0.054749534297314495
1.3039377457097663
0.963914769353138
-0.7152348624541605
-0.10759486453858065
-0.8586344434434879
-0.5035969209849572
-0.8673459411064306
-1.0832650678105045
-1.8286370915998356
0.6671157145515438
-1.193098845183386
1.9077645836498927
-2.087804965714922
-1.096526883570738
4.540621722897567
0.5821110786790655
0.1540635661495964
-0.14572217846849206
1.7801462543667712
1.154837376308602
-1.392591404755433
0.1792832249080621
-0.4016727070058988
1.8749210154501035
-1.1121933475775254
-1.7637336826541603
1.3566308967962537
-0.19692384037732202
1.2565798184340518
-0.5292893454596601
0.34292406625839605
0.12510035560556493
1.7415181606223094
1.454094646609948
0.7151057585981503
1.1452858412092293
2.1630390667419848
4.553593736044289
0.4146746833370109
0.7587870511508531
-0.8635040482417806
-1.6888957852740616
1.1883306107115676
2.575066623111069
0.8079744678844749
1.0245563186583206
-0.771408975049716
-0.8080278589230678
0.977070348024595
-0.06170752854622022
0.9328578437331191
-0.9520783691616226
-1.143438660212784
3.0147668264626426
0.31915950812192284
2.1397773470328807
0.841719813236384
-1.5072959340286167
-0.13954238126164256
1.4958778239579902
0.24654228637534623
-0.17081876445826782
0.41717006908559773
0.8646494487594542
-0.5398405071900508
0.010265423675021831
0.4944110986080817
1.4265893313828812
0.4699075613313009
-0.9931849710956357
-0.8195288746007402
0.4559070427441214
-0.2871353423484733
0.6341327434555322
1.1695949997865427
0.8611274107240042
-0.6812905329906547
-0.444819431407389
-0.8739020100394316
-0.5920135432128042
-0.5156222247401513
-0.18953999726937476
-1.375931474058092
-0.17699143004478818
0.2125191128780248
3.111185955423012
0.13180981132714664
0.06636310703036519
-0.08229530024020422
0.323032841531851
0.7851296053127177
-0.2208262134892857
-0.48017421622821266
0.5219864225261854
-0.7803269646673049
0.15978276751721326
-2.83246933805225
0.05556564264111144
-2.1481516163863863
0.5087200873507925
-0.703553455379922
1.527354684874456
1.2131665902016664
-4.1440132060654795
-2.4302270528433385
-1.3960441914926447
-1.7904577287734533
0.8913922293057382
-1.6477335470131882
-1.4260272072505789
-0.6205293796241277
-1.909885772745003
1.8737482657072708
-2.0420504009715983
-1.168213093569611
1.0098020604240998
1.2473459409833496
-1.470257465852476
-2.365041035388448
0.8245347591903002
-0.642622127336203
1.5789100846216992
-1.1263877079297868
-0.37667861178329964
-0.11969334042285354
0.42182913269760486
1.5836997601815959
-0.42036012067213446
-0.24728398210633476
-0.1587093707512067
-0.5239603278649353
-0.27270769456944
0.4879659628020054
-1.1820112077017881
1.7268916724853365
-1.086059718723776
-0.5585257273673567
1.2463396211766804
-0.14329204195813114
-0.207176340867109
-0.5054994243328985
-0.5523919969130485
-0.06943000322891928
-0.7462870670556885
0.6274011982683388
-0.578170845353172
1.8375681243710535
-0.3171598224191865
1.9354209003762683
0.122149922809192
0.45680961067088754
-0.12020888733501452
-0.05076858285148184
1.3116792735579317
0.32278836083784984
0.40009041914085275
1.0206023850285124
1.801952619086532
1.0311602294773783
0.7903647677433401
-0.03699732995386073
-1.295926615140104
0.7579317000246637
-1.1957646775803563
1.9032749708813606
-0.4025380069169769
-1.4760414689478867
-0.8145858515651188
-1.7353090203918855
0.5662475966550068
0.5427603925641822
0.15632592855152522
-0.637252460938158
1.5285919240673742
1.918123681370362
2.008324801413748
-0.5366917488669589
0.8501294360026186
2.3616327561788295
1.629375543088921
-1.0625991045190877
1.2150581096698874
0.7711805570632223
0.3916882796170452
0.7127736958223276
0.23467860079073483
0.8573941574230556
0.860358789310277
0.8423494117857361
1.054315666277774
1.407109029700217
1.0002622323946553
0.7406989029263432
3.0516312193844346
-0.1782826946885392
0.29546615645678037
1.1883967341913746
0.2107395545120486
0.5270011958578231
-0.4676270975479645
-0.5765783366490065
0.6129253781077386
0.3732950699505089
0.2569824519198878
-0.43565487126679286
-0.5807991914882314
-1.2651604435719697
0.5604534934870936
0.12148198830232618
-0.45576317829438273
1.9795138660540021
-1.5078981142233614
-0.47483417074165746
0.1658920402837861
-0.2920810585215989
1.2031381649993522
2.9999708616001692
-0.6223170594503504
-0.8130065053407477
-0.9721771224157435
-1.030397336230814
1.1974746706169246
1.2576739536413115
1.6693302348470265
1.8083806733582175
-0.09346163302107742
0.5796834992279913
-0.21334072448102273
-3.0224189502421743
-0.8248772555074436
-1.089391384373606
-0.7061985697441456
-0.49330625006655826
0.8902519611192649
-2.6035731011568464
5.628159857466848
2.1308709165412365
1.1023454847014593
0.6341228098454726
-1.0878893503532527
-2.381036840526548
-1.1991011036827668
1.145346228188468
0.6063768768263497
-0.3065131504068769
-2.121191704502645
-2.2279702234509076
0.147658988103652
-0.5470133775967803
0.42380196771778944
-0.004250348180945807
0.48855428828678527
2.479264132366443
-0.9656789542095099
0.3069193860858615
-1.3444890444062847
1.373522384835224
-1.9326213149562272
-0.9908933137162658
-1.9682916596510949
0.04026778543576802
0.8340128102629049
-1.3137243910034
2.369391855659084
0.3066449020531781
0.6933265138361193
0.6288019059798704
0.8538977257408024
1.1753804539209964
1.169583462944417
4.889269638814927
-3.3629090843638787
-2.6095568889727416
1.8798018869418596
3.7215714696147932
0.8587018300743575
-1.9611979361494984
-3.5988004673528207
-3.065439352855501
-3.307049914762102
-2.6930009787832527
2.6785999728408316
-2.1839332237762226
2.192112674298941
2.5885164423153286
-2.1088571619657377
-1.4198342096082197
3.3085578088263468
2.8781144138669736
2.538845463519953
-2.1516506560290614
